1 1 0 0 0 1 1 0 0 1 1 1 1 0 0 1 1 0 1 0 1 0 0 0 0 0 1 0 0 0 1 1 1 0 1 1 1 1 0 1 1 0 1 1
2 1 1 0 0 1 1 1 0 1 1 1 1 0 0 1 1 0 1 0 1 1 1 1 1 1 1 1 1 1 1 0 1 0 1 1 1 1 0 1 0 1 0 1
3 0 0 0 0 1 1 1 1 1 0 1 0 0 0 0 1 0 1 1 1 0 1 1 1 1 1 1 1 1 1 1 1 1 1 1 1 1 0 1 1 1 1 1
4 1 0 0 0 1 1 1 1 1 1 1 1 0 0 1 1 0 1 0 1 1 1 1 1 1 1 1 1 1 1 1 1 1 1 1 1 1 0 1 0 1 0 1
5 1 0 0 0 1 0 0 0 1 0 0 0 0 0 1 1 0 1 0 1 1 1 1 1 1 1 1 1 1 1 1 1 1 1 1 1 1 0 1 1 1 1 1
6 1 1 0 0 1 1 1 0 1 1 1 1 0 1 1 1 0 1 0 1 0 1 1 1 1 1 1 1 1 1 1 1 1 1 1 1 1 0 1 0 0 0 1
7 1 0 0 0 1 1 0 0 1 1 1 1 0 0 1 1 0 1 1 1 1 1 1 1 1 1 1 1 1 1 1 1 1 1 1 1 1 0 1 1 1 1 1
8 0 0 0 0 0 0 0 0 0 0 0 0 0 0 0 0 0 0 0 0 0 0 0 0 0 0 0 0 0 0 0 0 0 0 0 0 0 0 0 0 0 0 1
9 0 1 0 0 0 1 0 0 0 0 0 0 0 0 0 0 0 0 0 0 0 0 1 0 0 0 1 0 0 1 1 1 1 0 1 1 1 1 1 1 1 0 2
10 0 0 0 0 1 0 0 0 0 1 1 1 1 0 0 1 0 1 0 1 0 1 1 0 1 1 0 0 0 1 1 1 1 1 0 1 1 1 1 0 0 1 2
11 0 1 0 0 0 0 0 1 0 0 1 0 1 0 0 0 0 1 0 1 0 1 1 0 0 1 1 1 0 1 1 1 1 1 1 1 0 1 1 1 1 0 2
12 0 1 0 0 1 0 0 0 1 1 1 1 0 0 1 1 0 1 0 1 0 1 1 1 1 1 1 0 0 1 1 1 1 1 1 1 1 1 1 1 1 1 2
13 0 0 0 0 0 0 0 0 0 0 0 0 0 0 0 0 0 0 0 1 0 1 0 0 0 1 1 0 0 1 1 1 1 1 1 1 1 0 1 0 0 0 2
14 0 1 0 0 0 0 0 0 0 0 0 0 0 0 1 1 0 1 1 1 0 1 1 1 0 1 0 0 0 0 0 0 0 0 0 1 1 0 1 1 1 0 2
15 0 0 0 0 0 1 0 0 1 0 0 0 0 0 1 1 0 0 0 0 0 0 1 0 0 0 1 0 1 1 0 1 0 1 1 1 1 0 1 1 1 1 2
16 0 1 0 0 0 0 0 0 1 1 1 1 0 0 0 1 0 1 0 1 0 1 1 0 1 1 1 1 1 1 0 0 1 1 1 1 1 1 1 0 0 1 2
17 0 0 0 0 0 0 0 0 0 0 0 0 0 0 0 0 0 1 0 1 0 0 0 0 0 0 0 0 1 0 0 0 0 1 0 1 1 0 0 0 0 0 2
18 0 1 0 0 0 0 0 0 0 0 0 0 0 0 0 0 0 1 0 1 0 0 0 0 0 0 0 0 0 0 0 0 0 0 0 0 0 0 0 0 0 0 2
19 0 1 0 0 1 0 0 0 1 1 1 1 0 0 1 0 0 1 1 1 0 0 1 1 1 1 0 0 0 1 1 1 1 1 1 1 0 1 1 1 0 1 2
20 0 0 0 0 0 1 0 0 0 0 0 0 0 0 0 0 0 1 1 1 0 1 1 1 1 1 1 1 1 1 1 1 0 1 0 1 1 0 1 1 1 1 2
21 0 1 0 0 0 1 0 0 0 0 1 0 1 0 1 1 0 1 0 0 0 0 1 1 1 0 0 0 1 0 1 1 1 0 1 1 1 1 1 1 1 0 2
22 0 0 0 0 0 0 0 0 0 0 0 0 0 0 0 0 0 0 0 0 1 0 0 0 0 0 1 0 1 0 1 1 1 0 0 1 1 1 1 1 1 0 2
23 0 1 0 0 0 0 0 0 0 0 0 0 0 0 0 0 0 0 0 0 0 0 1 0 0 1 0 0 1 1 1 1 1 1 0 1 0 0 1 1 1 1 2
24 0 0 0 0 0 0 0 0 0 0 0 0 0 0 0 0 0 0 0 0 0 0 0 0 0 0 0 0 1 0 0 0 0 0 0 0 0 0 1 1 1 1 2
25 0 0 0 0 0 0 0 0 0 0 0 0 0 0 0 0 0 1 0 1 0 0 0 0 0 0 0 0 0 0 0 0 0 0 0 0 0 0 0 0 0 0 2
26 0 0 0 0 0 1 0 0 1 1 1 1 1 0 0 0 0 1 1 0 0 0 1 0 0 1 1 0 0 0 0 1 1 1 0 1 1 0 1 1 1 0 2
27 0 1 0 0 0 1 0 1 1 1 1 1 0 0 1 1 0 1 1 1 0 0 1 0 1 1 0 0 1 1 0 1 0 0 1 1 0 1 1 0 0 1 2
28 0 1 0 0 0 0 0 1 0 0 0 0 0 1 0 0 0 1 0 0 0 1 1 0 0 0 1 0 0 0 0 0 0 0 0 1 1 0 1 0 0 0 2
29 0 0 0 0 1 0 0 0 1 1 1 1 1 0 0 1 0 1 0 0 0 0 0 0 0 0 0 0 0 0 0 0 0 0 0 0 0 0 0 0 0 0 2
30 0 0 0 0 0 0 0 0 0 1 1 0 0 0 0 0 0 1 1 1 1 0 0 0 0 1 1 0 0 1 0 0 0 1 0 1 1 0 1 0 0 1 1
31 0 1 0 0 1 1 0 1 1 0 1 1 1 0 1 1 0 1 1 1 0 0 1 0 0 1 0 0 1 1 1 1 1 1 0 1 1 0 1 1 1 0 1
32 0 0 0 0 1 1 0 0 0 1 0 0 1 0 1 1 0 1 0 0 0 0 0 0 0 0 0 0 0 1 1 1 1 0 0 1 1 0 1 1 1 0 1
33 0 0 0 0 0 1 0 0 0 0 0 0 1 0 0 1 0 0 0 0 0 0 1 1 0 1 0 0 1 0 0 1 0 1 0 0 1 0 1 1 1 0 1
34 0 0 0 0 0 0 0 0 0 0 0 0 1 0 0 0 0 1 0 0 0 0 0 0 1 0 0 0 0 0 0 0 0 0 0 1 0 0 1 1 1 0 1
35 0 0 0 1 0 0 0 0 0 0 0 0 0 0 0 0 0 1 0 1 0 0 1 0 0 0 0 0 0 0 0 0 0 1 0 0 0 0 1 1 1 0 1
36 0 0 0 0 0 0 0 0 1 1 1 0 0 0 0 0 0 1 0 1 0 0 1 0 0 0 0 0 0 0 0 0 0 0 0 0 0 0 1 0 0 0 1
37 0 1 0 0 0 0 0 1 0 0 0 0 0 0 1 1 0 0 0 0 0 0 0 0 0 0 0 0 0 0 0 0 0 0 0 0 0 0 0 0 0 0 1
38 0 0 0 0 1 0 0 1 0 0 0 0 0 0 0 0 0 0 0 0 0 0 0 0 0 0 0 0 0 1 0 0 0 0 0 0 0 0 0 0 0 0 1
39 0 0 0 0 0 0 0 1 0 0 0 0 0 0 1 1 0 1 1 1 0 0 1 0 0 0 1 0 1 0 0 0 0 0 0 0 1 0 1 1 0 0 1
40 0 0 0 0 0 1 0 1 0 0 0 0 0 0 0 0 0 0 0 0 0 0 0 0 0 0 1 0 0 0 0 0 0 0 0 0 0 0 0 0 0 0 1
41 0 0 0 0 1 1 0 0 0 1 1 0 0 0 1 1 0 1 1 0 0 0 1 0 0 0 0 0 0 0 1 1 0 1 0 0 1 0 1 1 0 0 1
42 0 1 0 0 0 0 0 0 1 1 1 1 1 0 0 1 0 0 0 0 0 0 0 0 0 0 0 0 0 0 0 0 0 0 0 0 0 0 0 0 0 0 1
43 0 1 0 0 0 0 0 0 0 0 0 0 1 0 0 0 0 0 0 0 0 0 0 0 0 0 0 0 0 0 0 0 0 0 0 0 0 0 0 0 0 0 1
44 0 1 1 1 1 0 0 0 0 1 0 0 1 1 1 1 0 0 0 0 0 0 1 1 1 1 1 1 1 0 1 1 1 0 0 0 0 0 0 0 0 0 1
45 0 0 0 0 0 0 0 1 0 0 0 0 0 0 1 1 0 1 1 0 0 0 0 0 0 0 0 0 0 0 0 0 0 0 0 0 1 0 0 0 0 0 1
46 0 0 0 0 0 1 0 1 1 0 0 0 1 0 0 0 0 1 0 1 0 0 0 0 0 0 0 0 0 0 0 0 0 0 0 0 0 0 0 0 0 0 1
47 0 0 0 0 0 1 0 0 0 0 0 0 0 0 0 0 0 0 0 0 0 0 0 0 1 0 0 0 0 0 0 0 0 0 0 0 0 0 0 0 0 0 1
48 0 0 0 0 0 0 0 0 0 0 0 0 0 0 1 0 0 0 0 0 0 0 1 0 1 0 0 0 0 0 1 1 0 1 0 0 0 0 1 1 1 0 1
49 0 1 0 1 0 0 0 1 0 0 1 0 1 1 0 0 0 1 1 0 0 0 0 0 1 0 0 0 0 0 0 0 0 1 0 1 0 1 1 1 0 1 1
50 0 0 0 0 0 0 0 0 1 0 1 0 1 0 0 1 0 0 0 0 0 0 1 1 0 0 0 0 1 1 1 1 1 1 0 0 0 0 0 0 0 1 1
51 0 1 0 0 0 0 0 0 0 0 0 0 1 0 0 0 0 1 0 1 0 0 1 0 0 0 0 0 0 1 1 1 0 1 0 0 0 0 1 0 0 0 1
52 0 1 0 0 0 0 0 1 0 0 0 0 1 0 0 1 0 1 0 0 0 0 1 0 0 0 1 0 1 1 1 1 1 1 0 1 0 0 1 0 0 0 1
53 0 0 0 0 0 0 0 1 0 0 0 0 0 0 0 0 0 1 0 0 0 0 0 0 0 0 0 0 0 0 0 0 0 0 0 0 0 0 0 0 0 0 1
54 0 0 0 0 0 0 0 0 0 0 0 0 0 0 0 0 0 0 0 0 0 0 0 0 0 0 0 0 0 0 1 1 0 0 0 0 0 0 1 0 0 0 1
55 0 0 0 0 0 0 0 0 0 0 0 0 0 0 0 0 0 0 0 0 0 0 0 0 0 0 0 0 1 0 0 0 0 0 0 0 0 0 1 0 0 0 1
56 0 0 0 0 0 1 0 1 0 0 0 0 0 0 0 0 0 0 0 0 0 0 0 0 0 1 1 0 1 0 0 0 0 0 0 0 0 0 1 0 0 0 1
57 0 0 0 0 0 0 0 0 0 0 0 0 0 0 0 0 0 0 0 0 0 0 0 0 0 0 0 0 0 0 0 0 0 0 0 0 0 0 1 1 1 0 2
58 0 1 0 0 1 0 0 0 1 1 1 0 0 0 1 0 0 1 0 0 0 0 0 0 0 0 0 0 0 0 0 0 0 0 0 0 0 0 0 0 0 0 2
59 0 0 0 0 1 1 0 1 0 1 1 1 1 0 1 1 0 1 0 1 0 0 1 0 1 1 0 0 1 1 1 1 1 0 0 0 0 0 0 0 0 0 2
60 1 1 0 0 1 1 0 0 1 1 1 1 1 0 1 1 0 0 0 0 1 0 0 0 0 0 0 0 0 0 0 0 0 0 0 0 0 0 0 0 0 0 2
61 0 0 0 0 0 0 0 1 1 1 1 1 1 0 1 1 0 0 0 1 0 0 0 0 0 1 1 0 1 1 1 1 1 1 0 1 1 0 1 0 0 1 2
62 0 1 0 0 0 1 0 1 1 0 0 0 0 0 1 1 0 1 0 0 0 0 0 0 0 0 0 0 0 0 0 0 0 0 0 0 0 0 0 0 0 0 2
63 0 0 0 0 0 0 0 0 1 0 0 0 0 0 0 1 0 1 1 1 0 0 0 0 0 0 0 0 0 0 0 0 0 0 0 0 0 0 0 0 0 0 2
64 0 0 0 0 1 1 0 1 1 0 0 0 0 0 1 1 0 1 1 1 0 0 0 0 0 1 0 1 0 1 0 0 0 0 0 0 0 0 0 0 0 0 2
65 0 0 0 0 1 1 0 1 1 0 0 0 1 0 1 1 0 1 0 0 0 0 0 0 0 0 0 0 0 0 0 0 0 0 0 0 0 0 0 0 0 0 2
66 0 1 0 0 0 0 0 1 0 0 1 0 0 0 0 0 0 1 0 0 1 0 0 0 0 0 0 0 0 0 0 0 0 0 0 0 0 0 0 0 0 0 2
67 0 1 0 0 1 1 1 0 1 0 0 0 0 0 1 0 0 0 0 1 0 0 1 0 0 0 1 0 1 0 0 0 0 1 0 0 0 0 1 1 1 1 2
68 1 1 0 0 1 0 0 0 1 1 1 1 1 0 1 0 0 1 1 1 0 0 0 0 0 1 1 1 0 1 0 0 0 1 0 1 1 0 1 1 1 0 2
69 1 0 0 1 0 0 0 0 0 1 1 1 0 0 1 0 0 0 0 1 0 0 0 0 0 0 0 0 0 0 0 0 0 0 0 0 0 0 0 0 0 0 2
70 0 0 0 0 0 0 0 0 0 0 0 0 0 0 0 0 0 1 0 0 0 0 0 0 0 0 1 0 0 1 0 0 0 1 0 1 1 1 1 0 0 1 2
71 0 1 0 1 0 0 0 0 1 1 1 1 0 1 1 1 1 1 1 1 0 0 1 0 1 1 0 0 0 1 1 1 0 1 0 1 1 1 1 1 1 0 2
72 0 1 0 0 0 0 0 0 0 1 1 1 1 1 1 1 1 1 1 1 0 0 1 0 0 0 0 0 0 1 1 0 0 1 1 1 1 1 1 0 0 1 2
73 0 0 0 0 0 0 0 0 0 0 0 0 0 0 1 1 0 0 0 0 0 1 0 0 0 0 0 0 1 1 1 1 1 1 1 1 1 1 1 0 0 1 2
74 0 0 0 1 0 0 0 0 0 0 1 1 0 0 0 0 0 0 0 0 0 0 1 0 1 1 1 0 0 1 1 1 0 1 1 1 1 1 1 0 0 1 2
75 0 0 0 0 0 0 0 0 1 0 0 0 0 1 1 1 0 1 0 0 1 0 0 0 0 0 0 0 0 0 0 0 0 0 0 0 0 0 0 0 0 0 2
76 1 0 0 1 1 0 0 1 1 1 1 1 0 0 0 0 0 0 0 0 0 0 0 0 0 0 0 0 0 0 0 0 0 0 0 0 0 0 0 0 0 0 2
77 1 0 0 0 1 1 1 1 0 0 0 0 1 1 1 1 0 0 0 0 0 0 0 0 0 0 0 0 0 0 0 0 0 0 0 0 0 0 0 0 0 0 2
78 0 0 0 0 0 0 0 0 0 0 0 0 0 0 0 0 0 0 0 0 0 0 0 0 0 0 0 0 0 0 0 0 0 0 0 0 0 0 0 0 0 0 2
79 0 1 0 1 0 0 0 0 1 0 1 0 0 0 0 1 0 0 0 1 1 0 1 0 0 0 0 0 0 1 0 1 0 0 0 1 0 0 1 0 1 0 1
80 0 1 1 1 1 1 0 1 1 1 1 1 1 1 1 1 0 1 0 1 0 1 1 1 0 1 1 1 1 1 1 1 1 1 1 1 1 1 1 1 1 1 1
81 0 1 1 0 0 0 0 1 0 0 1 0 0 0 0 0 0 1 0 1 0 1 1 1 0 1 0 0 1 0 1 1 1 0 1 0 0 0 1 1 1 1 1
82 0 1 0 0 0 0 0 1 1 0 0 0 1 0 1 1 0 1 0 1 1 0 0 0 0 1 1 0 0 1 1 1 1 1 1 1 1 0 1 0 1 1 1
83 0 0 0 0 0 1 0 0 0 0 1 0 1 0 1 0 0 1 1 0 0 1 0 0 0 0 1 0 1 1 1 1 1 0 0 1 1 0 1 1 0 0 1
84 0 0 0 0 0 1 0 1 0 0 1 0 0 0 0 0 0 0 0 0 0 0 0 0 0 0 0 0 0 0 0 0 0 0 0 0 0 0 0 0 0 0 1
85 1 1 0 0 0 0 0 0 0 1 1 0 0 0 0 0 0 0 0 0 0 0 0 0 0 0 0 0 0 0 0 0 0 0 0 0 0 0 0 0 0 0 1
86 0 0 0 1 0 0 0 0 0 1 1 1 1 0 0 0 0 1 0 1 0 0 0 0 0 0 0 0 1 0 1 1 1 1 1 1 1 0 1 1 0 0 1
87 0 0 0 0 0 0 0 0 0 1 1 1 0 0 0 0 0 1 0 1 0 0 0 0 0 0 1 0 0 0 1 1 1 1 1 1 1 0 1 1 0 1 1
88 0 1 0 0 0 0 0 0 0 0 1 0 0 0 0 0 0 0 0 0 0 0 0 0 0 1 1 0 0 0 0 1 0 0 1 1 0 0 0 0 0 0 1
89 0 1 0 0 0 0 0 1 0 1 1 0 0 0 0 1 0 0 0 0 0 0 1 0 0 0 1 0 0 0 1 1 1 1 1 1 1 0 1 0 1 1 1
90 0 0 0 0 0 1 0 0 1 0 0 0 1 0 0 0 0 0 0 0 0 0 0 0 0 1 1 0 1 0 0 0 0 0 1 1 1 1 1 1 1 0 2
91 0 1 0 0 1 1 1 0 1 1 1 1 1 1 1 0 0 1 0 1 1 1 1 1 0 1 1 1 0 1 1 1 1 1 1 1 1 0 1 0 1 1 2
92 0 1 0 0 1 1 0 1 1 1 1 1 1 1 1 1 1 1 1 0 0 1 1 1 1 1 1 1 0 1 1 1 1 1 1 1 1 1 1 1 1 1 2
93 0 0 0 0 0 0 0 0 1 0 0 0 0 0 0 1 0 0 0 0 0 1 1 1 1 1 1 0 1 0 1 1 0 0 0 1 1 1 1 0 0 1 2
94 0 1 0 0 0 0 0 0 0 0 0 0 1 0 1 1 0 1 0 0 0 0 0 0 0 0 1 0 0 1 0 0 0 1 0 1 1 0 1 1 1 1 2
95 0 0 0 0 0 0 0 1 0 1 1 0 1 0 0 1 0 0 0 1 0 1 0 1 0 1 1 1 0 0 1 1 0 1 1 0 1 0 1 0 0 1 2
96 0 1 0 0 1 1 1 0 1 1 1 1 1 1 1 1 0 0 0 0 0 1 1 0 0 1 1 1 1 1 1 1 1 1 1 1 0 0 1 1 1 0 2
97 0 0 0 0 0 1 0 1 0 1 1 1 0 0 1 0 0 0 0 0 0 0 0 0 0 0 0 0 0 0 0 0 0 0 0 0 0 0 0 0 0 0 2
98 1 1 0 0 0 0 0 1 1 0 0 0 0 0 1 0 0 1 1 1 0 1 1 1 0 1 0 0 0 1 1 1 1 1 1 1 0 0 1 1 1 1 2
99 0 1 0 1 1 1 1 1 1 1 1 1 1 1 1 1 0 0 0 0 0 0 1 1 0 1 1 1 0 0 1 1 1 1 1 1 1 0 1 1 1 1 2
100 1 1 0 0 1 1 0 1 1 1 1 1 1 1 1 1 0 1 0 0 0 1 1 1 0 1 1 1 1 1 1 1 1 1 1 1 1 0 1 1 1 0 2
101 0 1 1 0 0 0 0 0 0 1 1 0 0 1 0 0 0 1 0 0 0 1 1 1 0 1 1 0 0 1 1 1 0 1 0 1 1 0 1 1 1 1 2
102 0 0 0 0 0 1 0 1 0 0 1 0 0 1 1 0 0 1 0 0 1 1 1 1 1 1 1 1 0 1 0 0 0 1 0 1 1 0 1 0 1 0 2
103 0 0 0 0 1 1 1 0 0 1 1 1 0 1 1 1 0 0 0 0 0 0 0 0 0 0 0 0 0 0 0 0 0 0 0 0 0 0 0 0 0 0 2
104 0 1 0 0 1 1 0 0 1 1 1 1 1 0 1 1 0 1 0 0 1 1 1 1 1 1 1 0 1 1 1 1 1 1 1 1 1 1 0 0 1 1 2
105 0 1 1 1 1 1 0 0 1 1 1 1 1 1 1 0 0 1 0 1 0 0 1 1 1 1 1 0 0 1 0 1 0 1 1 1 1 1 1 0 1 1 2
106 0 1 1 0 0 0 0 0 1 1 1 1 1 1 1 0 0 1 0 1 0 1 1 1 0 1 1 0 1 1 1 1 1 1 0 1 1 0 1 1 1 1 2
107 0 1 0 0 1 1 1 0 1 0 1 0 1 1 1 1 1 1 1 0 0 0 0 0 0 0 0 0 0 0 0 0 0 0 0 0 0 0 0 0 0 0 2
108 1 1 0 0 1 1 1 0 1 1 1 1 1 1 1 1 0 1 1 1 0 1 1 1 1 1 1 1 0 1 1 1 1 1 1 1 1 0 1 1 1 1 2
109 0 0 0 0 0 0 0 0 0 1 1 1 1 0 1 1 0 0 0 0 0 0 0 0 0 0 0 0 0 0 0 0 0 0 0 0 0 0 0 0 0 0 2
110 0 1 1 1 1 0 0 0 1 0 0 0 1 0 1 1 0 1 1 0 0 1 1 0 1 1 1 0 0 0 1 1 0 1 1 1 1 1 1 0 1 0 2
111 0 1 1 1 1 0 1 0 1 1 1 1 0 1 1 1 0 1 1 0 1 0 0 0 0 0 0 0 0 0 0 0 0 0 0 0 0 0 0 0 0 0 2
112 0 1 1 1 1 0 0 1 1 0 1 0 0 0 1 1 0 1 1 0 0 1 1 1 0 1 1 1 0 1 1 1 1 1 1 1 1 0 1 0 0 0 2
113 0 1 0 0 1 1 0 0 1 0 0 0 0 0 1 1 0 0 0 0 0 0 1 1 0 1 1 1 0 1 1 1 0 1 0 1 1 0 1 0 1 1 2
114 0 0 0 0 0 0 0 0 0 1 1 1 1 0 1 1 0 1 1 0 0 1 1 1 0 1 1 0 1 1 1 1 1 1 1 1 1 0 1 1 1 0 2
115 0 0 0 0 0 0 0 0 1 0 0 0 1 0 0 0 0 0 0 0 0 1 1 1 0 1 1 0 1 0 1 1 0 1 0 1 0 0 1 0 0 0 2
116 0 1 0 0 0 0 0 1 0 0 0 0 0 0 1 0 0 0 0 0 0 0 1 0 0 0 0 0 0 0 0 0 0 0 0 1 1 0 1 1 0 0 2
117 0 1 0 0 0 0 0 0 1 0 0 1 1 1 1 1 0 1 0 0 0 0 1 0 0 1 1 1 1 1 1 1 1 1 1 1 1 0 1 1 0 0 2
118 0 1 0 0 0 0 0 0 0 1 1 0 0 0 0 0 0 0 0 0 0 0 1 0 0 0 0 0 1 0 0 0 0 0 0 0 0 0 0 0 0 0 2
119 0 1 0 0 0 1 0 1 0 0 1 0 0 0 1 0 0 0 0 0 0 0 1 0 0 0 0 0 0 0 0 0 0 0 0 0 0 0 0 0 0 0 2
120 0 1 0 0 1 1 1 0 1 0 1 0 1 0 1 1 0 1 0 1 0 0 1 0 1 0 0 0 1 1 0 0 0 0 0 1 1 0 1 1 0 1 2
121 0 0 0 0 1 1 0 0 0 0 0 0 0 0 0 0 0 1 0 0 0 1 0 0 0 0 0 0 0 0 0 0 0 1 0 1 0 0 1 0 1 0 2
122 0 0 0 0 1 1 0 0 0 0 1 0 1 0 0 1 0 0 0 0 0 1 0 0 0 1 0 0 0 0 0 0 0 1 0 0 1 0 1 0 0 0 2
123 1 0 0 1 1 1 1 0 1 0 0 0 0 0 1 1 0 1 1 0 0 0 0 0 0 0 0 0 0 0 0 0 0 0 0 0 0 0 0 0 0 0 2
124 0 0 0 0 0 0 0 0 0 0 0 0 0 0 0 0 0 0 0 0 0 0 0 0 0 0 0 0 0 0 0 0 0 0 0 0 0 0 0 0 0 0 2
125 0 0 0 0 0 1 0 0 1 1 1 0 1 0 0 1 0 1 1 0 0 1 0 0 1 1 1 0 0 1 1 1 0 0 0 0 0 0 1 0 0 0 2
126 0 1 0 0 1 0 0 0 0 1 1 1 1 0 0 1 0 1 1 0 0 0 1 0 1 0 0 0 1 1 1 1 1 0 0 0 0 0 0 0 0 0 2
127 0 1 0 0 1 0 0 0 1 0 1 0 0 0 0 0 0 0 0 0 0 0 1 0 1 0 1 1 1 1 1 1 1 0 0 0 1 0 1 0 1 0 2
128 0 1 0 1 1 1 0 0 0 1 0 0 1 1 1 0 0 1 1 1 1 0 0 0 0 0 0 0 0 0 0 0 0 0 0 0 0 0 0 0 0 0 1
129 0 1 0 0 0 1 0 0 0 0 0 0 0 0 0 0 0 0 0 0 0 0 1 0 0 0 1 0 0 0 0 0 0 1 1 0 1 0 1 0 1 0 1
130 0 0 0 0 0 0 0 0 0 0 0 0 1 1 1 0 0 1 0 1 1 0 0 0 0 0 1 0 0 1 0 1 0 1 0 1 0 0 1 0 1 1 1
131 0 0 0 1 0 0 0 1 0 0 0 0 0 0 1 1 0 1 0 1 1 0 0 0 0 0 0 0 0 0 0 0 0 0 0 0 1 0 0 0 0 1 1
132 0 0 0 0 0 0 0 0 0 0 0 0 1 1 1 1 0 1 1 1 0 0 1 1 0 1 1 1 0 0 1 1 1 0 0 1 1 0 1 0 1 0 1
133 0 0 0 0 0 1 0 0 0 0 1 0 0 1 0 0 0 1 0 0 1 0 0 0 0 0 0 0 0 0 0 0 0 0 0 0 0 0 0 0 0 0 1
134 0 1 0 0 0 0 0 0 0 0 0 0 0 0 0 0 0 0 0 1 0 0 0 0 0 0 0 0 0 0 0 0 0 0 0 0 0 0 0 0 0 0 1
135 0 1 0 0 1 1 1 1 1 0 0 0 1 1 0 1 0 1 0 1 1 0 0 0 0 0 0 0 1 1 0 1 0 1 0 0 1 0 1 1 1 1 1
136 0 0 0 0 0 0 0 0 0 0 0 0 0 0 0 0 0 0 0 0 0 0 0 0 0 0 0 0 0 0 0 1 0 0 0 0 0 0 0 0 0 1 1
137 0 0 0 0 0 1 0 0 0 0 0 0 1 1 0 0 0 0 0 1 0 0 0 0 0 0 0 0 0 0 0 0 0 0 0 0 0 0 0 0 0 0 1
138 0 1 0 0 0 0 0 0 0 0 1 0 0 0 0 0 0 0 0 0 0 0 0 0 0 0 0 0 0 1 0 1 0 1 0 0 1 0 1 1 1 1 1
139 0 0 0 0 0 0 0 1 0 1 1 0 0 1 0 0 0 1 0 1 0 0 0 0 0 0 0 0 0 0 0 0 0 0 0 1 0 0 0 0 0 0 1
140 0 1 0 0 1 0 0 0 1 0 0 0 1 1 0 1 0 1 1 0 0 0 1 1 0 1 1 0 0 0 1 1 1 0 0 0 1 0 0 0 0 0 1
141 0 0 0 0 0 0 0 1 1 1 1 1 1 1 1 0 0 1 0 1 0 0 0 0 0 0 1 0 1 1 1 1 1 0 0 0 1 0 1 0 1 1 1
142 0 0 0 0 1 0 0 0 1 1 1 0 0 0 1 1 0 1 0 1 1 0 1 0 0 0 0 0 0 0 0 0 0 1 0 1 0 0 1 1 1 1 1
143 0 1 0 1 0 0 0 1 1 0 0 0 1 1 1 1 0 1 0 1 1 0 1 1 0 1 1 0 0 1 0 1 0 1 0 0 1 0 0 0 0 0 1
144 0 1 0 1 0 0 0 0 0 0 0 0 1 1 1 0 0 1 1 1 0 0 0 0 0 0 0 0 0 0 0 0 0 0 0 0 0 0 0 0 0 0 1
145 0 0 0 0 0 0 0 0 0 0 0 0 0 0 0 0 0 1 0 0 0 0 0 0 0 0 0 0 1 0 0 0 0 0 0 0 1 0 0 0 0 0 1
146 0 0 0 0 0 1 0 1 0 0 0 0 0 0 0 0 0 0 0 0 0 1 0 0 0 0 0 0 1 0 1 1 1 0 0 0 0 0 1 0 0 1 1
147 0 1 0 0 0 0 0 1 1 0 1 0 0 0 1 1 0 1 1 0 0 0 0 0 0 0 0 0 0 0 0 0 0 0 0 0 0 0 0 0 0 0 1
148 0 0 0 0 0 0 0 0 0 0 0 0 0 0 0 0 0 0 0 0 0 0 0 0 0 0 0 0 0 1 0 0 0 0 0 0 0 0 0 0 0 0 1
149 0 0 0 0 0 0 0 0 0 0 0 0 0 0 0 0 0 1 1 0 0 0 0 0 0 0 0 0 1 0 0 0 0 0 0 0 0 0 1 1 1 0 1
150 0 1 0 0 1 1 0 1 1 1 1 1 1 0 1 1 0 1 1 1 0 0 0 0 0 0 0 0 0 0 0 0 0 0 0 0 0 0 0 0 0 0 1
151 0 1 0 0 0 1 0 0 0 0 0 0 0 0 0 0 0 0 0 0 0 1 0 0 0 0 0 0 0 1 1 1 1 0 0 0 0 0 0 0 0 1 1
152 0 1 0 1 1 1 0 0 1 1 1 1 1 0 0 1 0 0 0 0 0 0 1 1 1 0 1 0 1 1 1 1 1 1 0 0 1 0 1 0 0 0 1
153 0 1 0 0 0 0 0 0 1 0 0 0 0 0 0 0 0 1 0 0 0 0 1 0 0 0 0 0 1 0 0 1 0 0 0 0 1 0 1 0 0 0 1
154 0 0 0 0 1 1 1 1 1 1 1 1 1 0 1 0 0 0 0 0 0 0 1 1 0 0 0 0 1 0 1 1 1 1 1 0 1 0 0 0 0 1 1
155 0 1 0 0 0 0 0 1 1 0 0 0 1 0 0 1 0 0 0 0 0 0 1 0 0 1 0 0 0 1 0 0 0 0 0 0 0 0 0 0 0 0 1
156 0 1 1 0 0 0 0 0 0 0 0 0 1 0 1 0 0 0 0 0 0 1 1 0 0 0 0 0 0 1 0 0 0 0 0 1 0 0 1 1 0 0 1
157 0 1 0 0 0 0 0 0 0 0 0 0 0 0 0 1 0 0 0 0 0 0 1 0 0 0 1 0 0 0 0 0 0 0 0 1 1 0 0 0 0 0 1
158 0 0 0 0 0 0 0 0 0 0 0 0 1 0 1 1 0 1 0 1 0 0 0 0 0 0 1 0 0 0 1 1 0 0 0 0 0 0 0 0 0 1 1
159 0 1 0 0 0 0 0 1 1 0 0 0 1 0 0 0 0 1 0 0 0 0 0 0 0 1 1 0 1 0 1 1 0 0 0 0 1 0 1 1 0 0 1
160 0 0 0 0 0 0 0 1 0 0 0 0 0 0 1 1 0 0 0 0 0 1 0 0 1 0 0 0 0 0 0 0 0 0 0 1 1 0 0 0 0 0 1
161 0 1 0 1 0 0 0 1 1 1 1 1 0 0 1 1 0 1 0 0 1 0 1 0 0 0 0 0 0 1 1 1 1 1 0 1 1 0 1 0 0 0 1
162 0 0 0 0 0 0 0 0 0 0 0 0 0 0 0 0 0 0 0 0 0 0 0 0 0 0 1 0 0 0 0 0 0 0 0 0 0 0 0 0 0 0 1
163 1 0 0 1 0 0 0 1 1 0 0 0 0 0 1 1 0 0 0 0 0 0 1 0 1 0 0 0 1 0 0 0 0 0 0 0 0 0 0 0 0 0 1
164 0 0 0 0 0 0 0 0 0 0 0 0 0 0 1 0 0 0 0 1 0 0 0 0 0 0 0 0 0 0 0 0 0 1 1 1 0 0 1 1 1 1 1
165 0 0 0 0 0 0 0 0 0 0 0 0 0 0 0 0 0 1 0 1 0 0 1 0 0 1 1 0 1 1 1 1 0 0 0 1 0 1 0 0 0 1 1
166 0 0 0 0 0 0 0 0 0 0 0 1 0 0 1 1 0 1 1 1 0 0 1 0 0 0 0 0 1 0 1 1 0 0 0 0 0 1 1 1 1 0 1
167 0 1 0 0 0 1 0 1 1 0 0 0 0 0 0 0 0 0 0 0 0 0 1 0 0 1 1 0 0 0 1 1 0 1 1 0 0 0 1 1 1 1 1
168 0 1 0 0 0 0 0 1 1 0 0 0 0 0 0 0 0 0 0 0 0 0 1 0 0 0 1 0 0 0 0 0 0 0 0 1 0 0 1 1 1 0 1
169 0 0 0 0 0 0 0 0 0 0 0 0 0 0 1 0 0 0 0 0 0 0 0 0 0 0 0 0 0 0 0 0 0 0 0 0 0 0 0 0 0 0 1
170 0 0 0 0 0 0 0 1 0 0 0 0 0 0 0 0 0 1 0 1 1 0 0 0 0 0 0 0 1 0 0 0 0 0 0 0 0 0 0 0 0 0 1
171 0 1 0 0 1 1 0 1 1 1 1 1 1 0 1 1 0 1 0 0 0 0 1 0 1 1 0 0 0 1 1 1 1 1 1 1 0 0 1 1 1 1 1
172 0 1 1 0 0 0 0 0 1 1 1 1 1 0 0 0 0 1 1 1 1 0 1 0 0 1 1 0 0 1 1 1 1 1 0 1 0 0 1 1 1 1 1
173 0 1 0 0 0 0 0 1 0 1 1 1 0 0 0 1 0 1 0 1 1 0 0 0 0 0 0 0 0 0 0 0 0 0 0 0 0 0 0 0 0 0 1
174 0 0 0 0 0 0 0 0 0 1 1 0 1 0 0 1 0 1 1 1 0 0 0 0 0 0 1 0 0 1 1 1 1 1 0 1 1 0 1 0 1 0 1
175 0 0 0 0 0 0 0 0 1 1 1 1 0 0 1 1 0 0 0 0 0 0 1 0 0 0 0 0 0 1 1 1 1 0 0 0 0 0 0 0 0 0 1
176 0 1 0 0 0 0 0 0 1 1 1 1 1 0 1 1 0 1 1 0 0 1 1 0 0 1 1 0 0 1 1 1 1 1 0 1 1 0 1 1 1 1 2
177 0 1 0 0 0 0 0 1 1 0 0 0 0 0 0 1 0 1 0 0 0 0 1 0 0 0 1 0 0 0 1 1 1 1 1 1 1 1 1 1 0 1 2
178 0 1 0 0 0 0 0 0 1 1 1 1 1 0 0 1 0 1 1 0 0 1 1 0 0 1 0 0 0 1 1 1 1 1 0 0 1 0 1 1 1 0 2
179 0 0 0 0 0 0 0 1 0 1 1 1 0 0 1 1 0 0 0 0 1 0 0 0 0 0 0 0 0 0 0 0 0 0 0 0 0 0 0 0 0 0 2
180 0 0 0 0 0 1 0 0 0 0 0 0 1 0 0 0 0 1 0 0 0 0 0 0 1 0 0 0 0 0 0 1 0 1 0 0 0 0 1 0 0 0 2
181 0 0 0 0 0 1 0 0 0 0 0 0 0 0 0 0 0 0 0 0 0 0 0 0 1 0 0 0 0 0 0 1 0 0 0 0 0 0 0 0 0 0 2
182 0 0 0 0 0 0 0 0 0 0 0 0 0 0 0 0 0 1 1 0 0 0 0 0 0 0 0 0 0 0 1 1 0 0 0 0 0 0 1 0 1 0 2
183 0 0 0 0 0 1 0 0 0 0 0 0 0 0 1 1 0 0 0 0 0 0 1 0 0 0 0 0 0 0 0 0 0 0 0 0 0 0 0 0 0 0 2
184 0 1 0 0 0 0 0 0 0 0 0 0 1 0 1 0 0 1 0 1 0 0 0 0 0 0 0 0 0 0 0 0 0 0 0 0 0 0 0 0 0 0 2
185 0 0 1 0 1 0 0 1 1 1 1 1 1 0 1 1 0 0 0 0 0 0 1 0 0 1 1 0 0 1 1 1 1 1 0 1 1 0 1 1 0 0 2
186 0 0 0 0 1 0 0 0 0 1 1 0 0 0 0 1 0 1 0 0 0 0 1 0 0 0 1 0 0 0 0 0 0 1 0 1 1 0 1 0 0 0 2
187 0 0 0 0 0 0 0 0 0 0 0 0 0 0 0 0 0 0 0 0 0 0 1 0 0 0 0 0 0 0 0 0 0 1 0 0 0 0 0 0 0 0 2
188 0 1 0 0 1 1 0 1 0 1 1 1 1 0 1 0 0 1 1 1 0 0 1 0 1 1 1 1 1 1 1 1 1 1 1 0 0 0 1 1 0 1 2
189 0 1 0 0 1 1 1 0 1 1 1 1 0 1 1 1 1 0 0 1 1 0 1 0 0 1 1 1 1 1 0 1 1 1 1 1 1 0 1 0 0 1 2
190 0 1 0 0 1 0 0 0 0 1 1 1 1 0 0 0 0 1 0 1 0 0 1 0 0 1 1 0 0 0 1 1 1 1 0 0 1 0 1 1 0 0 2
191 0 0 0 0 1 0 0 1 0 1 1 1 1 0 1 0 0 1 0 0 0 1 1 1 0 0 1 0 0 0 1 1 1 0 1 1 1 1 1 1 0 0 2
192 0 0 0 0 1 1 0 0 1 1 1 1 0 0 1 1 0 1 0 1 0 0 0 0 0 0 1 0 0 0 1 1 1 1 0 1 0 0 1 1 1 0 2
193 0 1 0 1 0 0 0 1 0 1 1 1 0 0 0 0 0 0 0 0 0 0 1 0 1 0 1 0 0 1 1 1 1 1 0 1 1 0 1 0 0 0 2
194 1 0 0 0 1 0 0 0 1 1 1 1 0 0 1 1 0 1 1 1 1 0 0 0 0 0 0 0 0 0 0 0 0 0 0 1 1 1 1 1 0 0 2
195 0 0 0 0 1 1 0 1 0 1 1 1 0 0 1 1 0 1 0 1 0 0 0 0 0 0 0 0 0 0 0 0 0 1 0 0 0 1 1 1 1 1 2
196 1 0 0 0 1 1 0 1 1 1 1 1 1 0 0 1 0 1 0 0 0 0 0 0 0 0 0 0 0 0 0 0 0 0 0 0 0 0 0 0 0 0 2
197 1 0 0 0 0 0 0 0 1 0 1 1 0 1 1 0 1 1 0 0 0 0 0 0 0 1 0 0 0 1 1 1 0 0 0 1 1 0 1 1 0 0 2
198 1 1 0 0 1 1 0 0 0 1 1 1 1 1 1 0 0 0 0 0 0 0 1 0 0 0 0 0 0 0 1 1 1 0 0 0 1 0 1 0 0 0 2
199 1 1 0 0 1 1 0 1 1 1 1 1 1 0 1 1 0 0 0 0 0 0 1 0 0 1 0 0 0 0 0 0 0 1 0 1 0 0 1 1 0 0 2
200 1 1 0 0 0 0 0 0 1 1 1 1 0 0 0 0 0 1 0 1 0 1 0 0 0 0 0 0 0 1 1 1 0 1 0 1 0 0 1 0 1 1 2
201 0 0 0 0 0 0 0 0 0 0 0 0 1 0 1 1 0 1 1 0 0 0 1 0 0 0 1 0 1 1 1 1 0 1 0 0 1 0 1 0 1 1 1
202 0 1 0 0 0 1 0 1 1 0 0 0 0 0 0 0 0 1 0 0 0 0 1 0 0 0 0 0 0 0 0 0 0 0 0 0 0 0 1 1 1 0 1
203 0 1 0 0 0 1 0 1 1 0 0 0 0 0 1 0 0 1 0 0 0 1 1 0 0 0 0 0 0 1 0 0 0 1 0 1 1 0 1 1 1 0 1
204 0 1 0 0 0 0 0 1 1 1 1 1 0 0 0 1 0 1 0 0 1 0 0 0 0 0 0 0 0 0 0 0 0 0 0 0 0 0 0 0 0 0 1
205 0 0 0 0 0 1 0 0 0 1 1 1 0 0 0 0 0 0 0 0 0 0 1 1 0 1 1 1 1 1 1 1 1 1 1 0 1 0 1 1 0 0 1
206 0 1 0 0 1 1 1 0 1 1 1 1 1 0 0 0 0 1 1 0 0 1 1 1 1 1 1 0 1 1 1 1 1 1 1 1 1 0 1 1 1 0 1
207 0 0 0 0 0 1 0 0 1 0 0 0 0 0 0 0 0 1 0 0 0 0 0 0 0 0 1 0 0 1 1 0 0 0 0 0 0 0 0 0 0 0 1
208 0 1 0 0 0 0 0 0 0 0 0 0 0 0 0 0 0 0 0 0 0 0 0 0 1 0 0 0 0 1 0 0 0 1 0 1 0 0 1 0 0 0 1
209 1 1 1 1 0 0 0 1 1 1 1 1 1 1 1 1 0 1 1 0 0 0 0 0 0 0 0 0 0 0 0 0 0 0 0 0 0 0 0 0 0 0 1
210 0 0 0 0 0 0 0 0 0 0 0 0 1 0 0 0 0 1 0 0 0 0 0 0 0 0 1 0 0 0 0 0 0 0 0 0 0 0 1 0 1 0 1
211 0 1 0 0 0 0 0 1 1 0 0 0 0 0 1 1 1 1 0 1 1 0 1 0 1 0 0 1 1 1 0 0 0 0 0 0 1 0 1 0 1 1 1
212 0 1 0 0 0 0 0 0 0 0 0 0 0 0 0 0 0 1 1 1 0 0 1 0 0 0 0 0 0 1 0 1 0 0 0 1 1 0 1 0 1 1 1
213 0 1 0 0 0 0 0 0 0 0 0 0 0 0 0 0 0 1 0 1 0 0 1 0 1 0 0 0 1 0 0 0 0 0 0 0 0 0 1 0 1 0 1
214 0 1 0 0 0 0 0 0 0 1 1 1 0 0 1 0 0 1 1 1 0 0 1 1 0 0 0 0 0 1 0 0 0 0 0 1 1 0 1 0 1 1 1
215 0 1 0 0 0 0 0 0 0 0 0 0 0 0 0 0 0 1 0 1 0 0 1 0 0 0 1 0 0 1 0 0 0 0 0 0 0 0 1 1 1 0 1
216 0 0 0 0 0 0 0 1 0 0 0 0 0 0 0 0 0 0 0 0 0 0 0 0 0 0 0 0 0 0 0 0 0 0 0 0 0 0 0 0 0 0 1
217 0 0 0 0 0 0 0 0 0 1 1 1 0 0 0 1 0 1 0 1 0 0 0 0 0 0 1 0 1 0 0 1 0 1 0 0 0 0 1 0 0 1 1
218 1 0 1 0 0 0 0 1 0 0 0 0 0 0 0 1 0 1 0 1 0 0 0 0 0 0 0 0 0 0 0 0 0 0 0 0 0 0 0 0 0 0 1
219 0 0 0 0 0 1 0 0 0 0 1 0 0 0 1 0 0 1 0 0 1 0 0 0 0 0 1 0 1 1 0 0 0 1 0 1 1 0 1 1 1 1 2
220 0 0 0 1 0 1 0 0 0 0 1 0 0 0 0 0 0 0 0 0 0 0 0 0 0 0 0 0 0 0 0 0 0 0 0 0 0 0 0 0 0 0 2
221 0 1 0 0 1 1 1 0 0 1 1 0 1 1 1 1 0 1 0 0 1 0 0 0 0 1 1 1 1 1 0 1 0 1 0 1 0 0 1 0 1 1 2
222 0 1 0 0 1 1 0 0 0 1 0 0 0 0 0 1 0 1 0 0 0 0 0 0 1 0 0 0 1 1 1 1 0 0 0 1 1 0 0 0 0 1 2
223 0 0 0 0 0 0 0 0 1 0 0 0 0 0 0 0 0 1 0 0 0 0 0 0 0 0 0 0 0 0 0 0 0 0 0 0 0 0 1 1 1 0 1
224 0 1 0 0 0 0 0 1 1 0 0 0 0 0 0 1 0 1 0 0 1 1 1 0 0 1 1 0 1 1 1 1 1 1 1 1 1 0 1 1 1 0 1
225 0 1 0 0 0 0 0 0 1 0 1 0 0 0 1 1 0 1 0 0 0 0 1 0 0 1 1 0 1 0 1 1 0 0 0 0 0 0 1 0 1 0 1
226 0 1 0 0 1 0 0 0 1 1 1 1 1 0 1 1 0 1 1 0 1 0 1 0 0 0 0 0 0 1 1 0 0 1 0 1 1 0 1 1 0 0 1
227 0 1 0 0 0 0 0 1 0 1 1 1 0 0 0 1 0 0 0 0 1 1 1 0 0 0 0 0 1 1 0 0 0 1 0 1 1 0 1 0 0 0 1
228 0 1 0 0 0 1 0 0 1 0 0 0 0 0 1 1 0 1 1 1 1 1 1 0 0 0 1 0 0 0 1 1 1 1 1 1 1 0 1 1 1 0 1
229 0 1 0 0 0 0 0 1 1 0 1 0 0 0 0 0 0 1 1 1 0 1 1 0 0 0 0 0 0 1 1 0 0 0 0 0 0 0 1 0 0 0 1
230 0 0 0 1 0 1 0 0 1 0 0 0 0 0 0 0 0 0 0 1 0 0 1 0 0 0 1 0 0 0 0 1 1 0 0 0 0 0 0 0 0 0 1
231 0 0 0 1 0 0 0 1 0 0 1 0 0 0 1 1 0 0 0 0 0 1 0 1 1 1 1 1 1 0 1 1 0 0 0 0 0 0 0 0 0 0 1
232 0 1 0 0 0 0 0 0 0 0 0 0 0 0 1 1 0 1 0 0 0 0 1 1 1 1 1 1 1 0 1 1 0 0 0 1 0 0 1 1 1 0 1
233 0 1 0 0 0 1 0 1 0 1 1 0 0 0 0 0 0 1 1 0 0 0 1 1 0 0 1 0 1 0 0 0 0 0 0 0 1 0 1 0 1 1 1
234 0 1 0 1 1 1 1 0 1 1 1 1 1 1 0 1 0 1 1 1 0 0 1 0 0 1 1 1 1 1 1 1 1 1 1 1 1 0 1 1 1 1 1
235 0 0 0 0 1 0 0 0 0 1 1 0 1 0 0 0 0 0 0 0 1 0 1 0 0 0 1 0 0 0 0 0 0 0 0 0 1 0 0 0 0 1 1
236 1 1 0 0 0 0 0 0 0 1 1 1 0 0 0 0 0 0 0 0 0 0 1 0 0 1 0 0 0 0 1 1 0 1 0 1 0 0 1 1 0 0 1
237 0 1 1 0 1 1 1 0 1 1 1 1 0 0 0 0 0 0 0 0 0 0 1 0 0 1 1 0 1 1 1 1 1 0 0 0 1 0 1 0 0 0 1
238 0 1 0 0 1 0 0 0 0 1 1 0 0 0 0 1 0 0 0 0 0 0 1 0 0 1 1 1 1 1 0 0 0 1 0 1 1 0 1 1 1 0 1
239 0 1 1 0 0 1 0 1 0 0 0 0 0 0 0 1 0 0 0 0 1 0 1 0 0 1 0 0 0 1 1 1 0 0 1 0 0 0 1 1 0 1 1
240 0 0 0 0 1 0 0 0 0 0 0 0 0 0 0 0 0 0 0 0 0 0 1 0 0 1 0 0 0 1 1 1 1 1 0 1 1 0 0 0 0 0 1
241 0 0 0 0 0 0 0 0 0 1 1 1 0 0 0 1 0 1 0 0 0 0 0 0 0 0 0 0 0 0 0 0 0 0 0 0 0 0 0 0 0 0 1
242 0 1 1 0 1 1 0 0 1 0 1 0 1 0 0 1 0 1 0 1 0 1 1 0 0 0 1 0 0 1 1 1 1 1 0 1 1 0 1 0 0 1 1
243 0 1 0 0 1 0 0 0 1 0 0 0 0 0 1 1 0 1 1 1 0 1 1 0 0 1 1 1 0 1 1 1 1 1 1 1 1 0 1 0 1 1 1
244 0 0 0 0 1 1 0 1 1 0 0 0 0 0 0 0 0 1 0 0 1 0 0 0 0 0 0 0 0 0 0 0 0 0 0 0 0 0 0 0 0 0 1
245 1 1 0 1 0 0 0 0 1 1 1 1 0 0 0 0 0 0 0 0 0 1 1 0 1 0 0 0 1 1 0 0 0 1 1 1 1 0 1 0 0 1 1
246 0 0 0 0 0 0 0 1 1 1 1 0 0 0 0 0 0 1 1 0 0 0 0 0 0 0 0 0 0 0 0 0 0 0 0 0 0 0 0 0 0 0 2
247 0 1 1 0 0 0 0 0 1 1 1 0 0 0 1 1 0 1 1 0 0 1 1 0 0 1 0 0 0 0 0 0 0 1 1 1 1 0 1 1 1 1 2
248 0 0 0 0 0 0 0 0 1 1 1 1 0 0 0 0 0 1 0 1 0 1 1 0 0 0 0 0 0 0 0 0 0 1 0 1 0 1 1 1 1 1 2
249 0 0 0 0 1 0 0 1 1 0 1 0 0 0 0 1 0 1 1 1 0 0 1 1 0 0 0 0 0 0 1 1 1 0 0 0 0 0 1 1 1 0 2
250 0 1 0 0 0 0 0 0 0 1 1 0 0 0 0 0 0 1 1 1 0 1 1 1 1 0 1 0 0 1 0 1 0 1 1 1 0 1 1 1 1 1 2
251 0 1 0 0 0 1 0 0 0 0 0 0 0 0 0 0 0 1 1 1 0 0 1 1 0 0 0 0 0 0 1 1 0 0 0 1 1 0 1 0 0 1 2
252 0 1 0 0 0 0 0 0 0 0 1 0 1 0 0 0 0 1 0 0 0 0 0 0 0 0 0 0 0 0 0 0 0 0 0 0 0 0 0 0 0 0 2
253 0 1 0 0 0 0 0 0 0 0 0 0 1 0 0 0 0 0 0 0 0 0 0 0 0 0 0 0 0 0 0 0 0 0 0 0 0 0 0 0 0 0 1
254 1 1 0 0 1 1 1 1 1 1 1 1 0 0 1 0 0 1 0 1 0 1 1 0 0 1 1 1 1 1 1 1 0 1 1 1 1 0 1 0 1 0 1
255 0 0 0 0 0 0 0 0 0 1 1 0 0 0 0 0 0 0 0 0 0 1 1 0 0 1 0 0 0 0 1 1 1 0 1 0 0 0 1 0 0 1 1
256 0 1 0 0 1 1 1 0 1 1 1 1 1 1 1 1 0 1 1 1 0 0 0 0 0 0 0 0 0 0 1 1 1 1 0 1 1 0 1 0 0 0 1
257 0 1 0 0 0 0 0 1 1 0 0 0 1 0 0 0 0 1 0 1 0 1 1 0 0 1 0 0 0 0 0 0 0 0 0 1 1 0 1 0 0 0 1
258 1 0 0 0 1 1 1 1 0 1 0 0 1 0 1 1 0 0 0 0 0 0 0 0 0 0 0 0 0 0 0 0 0 0 0 0 0 0 0 0 0 0 1
259 0 1 0 0 1 0 0 1 1 1 1 1 0 0 1 0 0 1 0 0 0 1 1 1 1 1 1 1 1 1 1 1 0 1 0 1 0 0 0 0 0 0 1
260 1 1 1 0 1 1 1 1 1 1 1 1 0 1 1 1 0 1 0 0 0 1 1 1 1 1 1 1 1 1 1 1 1 1 0 1 0 1 1 0 0 1 1
261 0 0 0 1 1 1 1 0 1 1 0 0 0 0 0 0 0 0 0 0 1 1 1 1 1 1 1 1 1 1 1 1 1 1 1 1 1 1 1 1 1 1 1
262 0 1 0 0 1 1 0 0 1 1 1 1 1 0 1 1 0 1 0 0 0 0 1 1 0 1 1 1 0 1 1 1 1 1 0 1 1 1 1 0 0 0 1
263 0 0 0 0 1 0 0 1 1 1 1 1 1 0 0 1 0 1 1 0 0 1 1 0 1 1 1 1 1 0 1 1 1 1 1 1 1 0 1 1 1 0 1
264 0 0 0 0 0 1 0 1 0 1 1 0 1 1 1 1 0 1 1 0 0 1 1 1 0 1 1 1 1 1 1 1 1 1 1 1 1 1 1 0 0 1 1
265 0 1 1 0 0 0 0 0 0 1 1 1 0 0 0 0 0 1 0 0 0 1 1 1 0 1 1 1 1 1 1 1 1 1 0 1 1 1 1 1 1 1 1
266 0 0 0 1 0 0 0 0 1 0 0 0 0 0 1 1 0 1 1 0 0 1 1 1 1 1 1 0 1 1 1 1 1 1 1 1 0 0 1 0 0 0 1
267 0 0 0 0 0 0 0 0 0 0 0 0 0 0 0 0 0 0 0 0 0 0 0 0 0 0 1 0 1 1 0 1 0 0 0 0 0 0 0 0 0 1 1
268 0 0 0 0 0 0 0 0 0 0 0 0 0 0 0 0 0 1 1 0 0 0 0 0 0 0 0 0 1 0 0 0 0 0 0 1 0 0 1 1 0 0 1
269 0 0 0 0 0 1 0 0 0 0 0 0 1 0 0 1 0 1 0 0 0 0 0 0 0 0 1 0 0 0 1 1 1 0 0 1 1 0 1 1 0 0 1
270 0 0 0 0 0 0 0 0 1 0 0 0 0 0 0 0 1 1 0 1 0 0 0 0 0 0 0 0 0 0 0 0 0 1 1 1 1 1 1 1 1 0 2
271 0 0 0 0 0 0 0 0 0 1 1 1 0 0 0 0 0 0 0 0 0 1 0 0 0 0 1 0 0 1 1 1 1 1 1 1 0 1 1 1 1 0 2
272 1 0 0 0 0 1 0 0 0 0 0 0 0 0 0 0 0 1 0 0 0 0 0 0 0 0 0 0 0 0 0 0 0 0 0 0 0 0 0 0 0 0 2
273 1 0 0 0 0 1 0 0 0 0 0 0 0 0 0 0 0 1 0 0 0 0 0 0 0 0 0 0 0 0 0 0 0 0 0 0 0 0 0 0 0 0 2
274 1 0 0 0 1 1 1 0 0 0 1 0 0 0 0 0 0 1 0 0 0 1 1 1 1 1 1 0 0 1 1 1 1 1 1 1 1 1 1 1 1 1 2
275 0 1 1 0 0 1 0 0 1 0 0 0 0 1 0 0 0 0 0 0 0 1 1 0 0 0 0 0 1 1 1 1 0 1 0 1 1 0 1 1 1 1 2
276 0 0 0 0 0 1 0 0 0 1 1 0 0 0 0 0 0 0 0 0 0 1 1 0 0 1 1 0 1 1 0 0 0 1 1 1 1 1 1 0 0 1 2
277 0 1 0 0 0 0 0 0 1 1 1 0 1 0 0 0 0 0 0 0 0 0 0 0 0 0 0 0 0 0 0 0 0 0 0 0 0 0 0 0 0 0 2
278 0 1 0 0 0 1 0 1 1 0 0 0 0 0 1 0 0 1 1 1 0 0 0 0 0 0 0 0 0 0 0 0 0 0 0 0 0 0 0 0 0 0 2
279 0 1 0 0 0 0 0 1 1 0 1 0 0 0 1 1 0 0 0 0 0 0 0 0 0 0 0 0 0 0 0 0 0 0 0 0 1 0 1 0 1 0 1
280 0 0 0 0 0 0 0 0 0 0 0 0 0 0 0 0 0 0 0 0 0 0 0 0 0 0 0 0 1 0 0 0 0 0 0 1 1 0 1 0 1 0 1
281 0 1 0 0 0 0 0 1 0 0 0 0 0 0 0 0 0 0 0 0 0 0 1 0 0 0 0 0 0 0 0 0 0 0 0 1 0 1 1 1 1 0 1
282 0 1 0 0 0 0 0 0 0 0 0 0 0 0 0 0 0 0 0 0 0 0 1 0 0 1 1 1 0 1 0 0 0 0 0 0 0 0 0 0 0 0 1
283 0 0 0 0 0 1 0 0 0 0 0 0 0 0 0 0 0 0 0 0 0 0 0 0 0 1 1 1 0 0 0 0 0 0 0 1 1 0 0 0 0 0 1
284 0 0 0 0 0 0 0 0 0 0 0 0 0 0 0 1 0 0 0 0 0 0 0 0 0 0 0 0 0 0 0 0 0 0 0 1 1 0 0 0 0 0 1
285 0 0 0 0 0 0 0 0 0 1 1 0 0 0 0 0 0 1 0 1 0 0 1 0 0 0 0 0 0 0 1 1 0 0 0 1 1 0 1 1 1 0 2
286 0 0 0 0 0 0 0 1 0 0 0 0 0 0 0 1 0 0 0 0 0 0 0 0 0 0 0 0 0 0 1 1 1 0 0 0 0 0 0 0 0 0 2
287 1 1 0 0 0 0 0 0 1 0 1 0 1 0 0 1 0 1 0 0 0 0 0 0 0 0 0 0 0 0 0 0 0 0 0 0 0 0 0 0 0 0 2
288 0 0 0 0 0 0 0 0 0 0 1 0 0 0 0 0 0 0 0 0 0 0 0 0 0 0 0 0 0 0 0 0 0 1 0 1 0 0 0 0 0 0 2
289 0 0 0 0 0 0 0 0 0 1 1 0 1 0 0 0 0 0 0 0 0 0 0 0 1 0 1 0 0 0 0 0 0 0 0 1 0 1 0 0 0 1 2
290 0 1 0 0 0 0 0 0 1 0 0 0 0 0 0 1 0 1 0 0 0 0 1 0 0 0 0 0 1 1 0 0 0 1 0 0 0 0 0 0 0 0 2
291 0 0 0 1 0 0 0 0 0 0 0 0 0 0 0 0 0 0 0 0 0 0 0 0 0 0 0 0 0 0 0 0 0 0 0 0 0 0 0 0 0 0 1
292 0 0 0 0 0 1 0 0 0 0 0 0 0 0 0 0 0 0 0 0 1 0 0 0 0 0 0 0 0 0 0 0 0 0 0 0 0 0 0 0 0 0 1
293 0 0 0 0 0 1 0 1 1 1 1 1 0 0 0 0 0 1 0 1 1 0 0 0 0 0 0 0 0 0 0 0 0 0 0 0 0 0 0 0 0 0 1
294 0 0 0 0 0 0 0 1 0 1 0 0 0 0 0 1 0 0 0 0 1 0 1 0 0 0 1 0 1 0 0 0 0 0 0 0 1 0 0 0 0 0 1
295 0 1 0 0 0 1 0 0 0 1 1 1 0 0 0 1 0 1 1 1 0 0 0 0 0 0 0 0 0 0 0 0 0 0 0 0 0 0 0 0 0 0 1
296 0 0 0 0 1 0 0 0 1 0 0 0 0 0 1 1 0 1 1 1 0 0 1 0 0 0 1 0 1 1 0 0 0 0 0 1 1 0 1 0 1 0 1
297 0 0 0 0 0 1 0 0 0 0 0 0 0 0 0 0 0 0 0 0 0 0 0 0 0 0 0 0 0 0 0 0 0 0 0 0 0 0 0 0 0 0 1
298 0 0 0 0 0 0 0 0 0 0 0 0 0 1 0 0 0 1 0 0 0 1 1 0 0 0 1 0 0 0 0 0 0 0 0 0 0 1 0 0 0 0 1
299 0 1 0 0 0 0 0 0 0 1 1 1 0 0 1 0 0 1 1 0 0 0 1 0 0 0 0 0 1 0 1 0 0 0 0 1 1 0 1 0 1 0 1
300 1 1 0 0 1 1 1 0 1 1 1 1 1 1 0 1 0 1 0 0 0 0 1 1 0 1 1 0 1 1 1 1 0 0 1 0 1 0 1 1 0 0 1
301 0 1 0 0 0 0 0 0 1 0 1 0 0 0 0 1 0 1 0 1 0 0 1 0 0 0 1 0 0 1 0 1 0 1 0 0 0 0 1 0 1 0 1
302 1 1 0 0 0 0 0 0 1 0 0 0 0 0 0 0 0 1 0 1 0 0 1 0 0 0 0 0 0 0 0 0 0 0 0 0 0 0 1 0 1 0 1
303 0 1 0 0 0 0 0 0 1 0 0 0 0 0 1 0 0 1 0 1 0 0 0 0 0 0 0 0 0 0 0 0 0 0 0 0 0 0 1 0 0 0 1
304 0 0 0 0 0 0 0 0 1 0 0 0 0 0 0 0 0 0 0 0 0 0 0 0 0 0 0 0 0 1 0 0 0 0 0 0 0 0 1 1 0 0 1
305 0 0 0 0 0 1 0 0 0 0 0 0 0 0 0 0 0 0 0 0 0 0 0 0 0 0 0 0 0 0 0 0 0 0 0 0 0 0 0 0 0 0 1
306 0 0 0 0 1 0 0 1 1 0 0 0 0 0 0 0 0 0 0 0 0 0 0 0 0 1 0 0 0 0 0 0 0 0 0 0 0 0 0 0 0 0 1
307 0 1 0 0 0 0 0 1 0 1 1 1 0 0 1 1 0 1 1 0 0 0 0 0 0 1 1 0 1 0 1 1 1 0 0 0 1 0 1 0 1 0 1
308 1 0 0 0 0 0 0 1 1 0 1 0 0 0 0 0 0 1 0 0 0 1 1 0 0 0 0 0 0 1 0 0 0 1 0 1 0 0 1 0 1 1 1
309 0 1 0 0 1 1 1 0 1 1 1 1 0 1 0 0 0 1 0 0 0 0 0 0 0 0 0 0 0 0 0 0 0 0 0 0 0 0 0 0 0 0 1
310 0 0 0 0 0 0 0 0 1 1 1 0 1 0 1 1 0 1 0 0 0 0 1 0 0 0 0 0 0 0 0 0 0 1 0 0 0 0 1 0 0 0 1
311 0 1 0 0 1 1 1 0 1 1 1 1 1 0 0 1 0 0 0 0 0 0 0 0 0 0 0 0 0 0 0 0 0 0 0 0 0 0 0 0 0 0 1
312 0 0 0 0 0 0 0 0 0 0 0 0 0 0 0 0 0 0 0 0 0 1 1 0 0 1 1 0 0 1 0 0 0 1 0 1 1 1 1 1 0 0 1
313 0 0 0 0 0 1 0 0 0 1 0 0 0 0 0 0 0 1 1 0 0 1 1 1 1 1 1 1 1 1 1 1 1 1 1 1 1 1 1 1 0 1 1
314 0 0 0 0 0 0 0 0 0 0 0 0 0 0 1 1 0 1 1 1 0 1 1 1 1 1 1 1 1 1 1 1 1 1 1 1 1 1 1 0 0 1 1
315 0 1 0 0 0 1 0 0 1 0 0 1 0 0 0 0 0 1 0 0 0 0 0 0 0 0 0 0 0 0 0 0 0 0 0 0 0 0 0 0 0 0 1
316 0 1 0 0 1 1 1 0 0 0 0 0 1 0 0 0 0 1 0 0 0 1 1 1 1 1 1 1 1 1 1 1 1 1 1 1 1 0 1 0 0 1 1
317 0 1 0 0 1 1 0 1 1 1 1 1 1 0 0 0 0 1 0 1 0 1 1 1 0 1 1 1 1 1 1 1 1 1 0 0 0 0 1 0 0 0 1
318 0 1 0 0 0 0 0 1 1 1 1 1 1 0 1 1 1 1 0 1 1 0 1 0 0 1 1 0 0 1 0 0 0 0 0 0 1 0 1 0 0 0 1
319 1 0 0 0 0 0 0 0 0 0 0 0 1 0 0 1 1 1 1 1 1 0 1 0 0 0 0 0 0 0 0 0 0 0 0 1 1 0 1 0 0 0 1
320 1 0 0 0 0 0 0 0 0 0 0 0 0 0 1 0 0 1 1 1 1 0 0 0 0 0 0 0 0 0 0 0 0 0 0 0 0 0 0 0 0 0 1
321 0 1 0 0 1 0 0 1 1 1 1 1 0 0 0 0 1 1 0 0 0 0 1 0 0 1 0 0 1 1 1 1 1 1 0 0 0 0 1 1 1 0 1
322 1 1 1 1 1 1 1 1 1 1 1 1 0 0 0 1 0 1 0 1 0 0 0 0 0 0 0 0 0 0 0 0 0 0 0 0 0 0 0 0 0 0 1
323 0 1 0 0 0 0 0 1 1 1 1 1 1 1 1 1 0 1 1 1 1 0 1 1 1 1 1 1 1 1 1 1 1 1 1 1 1 1 1 1 0 1 2
324 1 0 0 0 0 0 0 0 0 0 0 0 1 1 1 1 0 1 0 1 0 0 1 1 0 1 1 1 0 1 1 1 1 1 1 1 0 0 0 0 0 1 2
325 0 1 0 0 1 0 0 1 1 1 1 1 1 0 1 1 0 1 0 0 1 1 1 1 0 1 0 0 1 1 1 1 1 1 1 1 1 0 1 1 1 1 2
326 1 1 1 1 1 1 1 1 1 1 1 1 1 0 0 1 0 1 0 0 0 0 0 0 0 0 0 0 0 0 0 0 0 0 0 0 0 0 0 0 0 0 2
327 0 1 0 1 1 1 1 0 1 1 1 1 0 0 0 1 0 1 0 0 0 0 0 1 0 0 0 0 1 1 1 1 1 1 0 0 1 0 1 1 1 0 2
328 0 1 0 1 0 0 0 0 1 1 1 1 1 0 1 1 0 1 1 0 0 1 1 0 1 1 1 0 1 1 0 1 0 0 0 1 1 0 1 0 1 1 2
329 0 1 1 1 1 1 1 1 1 1 1 1 1 0 0 0 0 1 0 0 0 0 0 0 0 0 0 0 0 0 0 0 0 0 0 0 0 0 0 0 0 0 2
330 0 1 0 0 1 0 0 0 1 1 1 1 1 0 0 0 0 1 1 0 0 0 0 0 0 0 0 0 0 0 0 0 0 0 0 0 0 0 0 0 0 0 2
331 0 0 0 0 0 0 0 1 0 0 0 0 0 0 0 0 0 0 0 0 0 1 1 0 1 1 1 0 0 0 0 0 0 0 0 0 0 0 0 0 0 0 2
332 0 0 0 0 0 0 0 0 0 1 1 1 1 0 1 1 0 1 1 1 0 0 0 0 0 0 0 0 0 0 0 0 0 0 0 0 0 0 0 0 0 0 2
333 0 1 0 1 0 0 0 0 0 0 0 0 0 0 0 0 0 1 0 1 0 1 1 0 1 0 0 0 0 1 0 0 0 1 0 0 1 0 1 1 1 0 2
334 0 1 1 1 1 1 0 0 1 1 1 1 0 0 1 1 0 1 0 0 0 1 1 0 1 1 0 0 0 0 0 1 0 0 0 0 0 0 1 1 0 1 2
335 0 1 0 0 0 0 0 0 0 0 0 0 0 0 0 1 0 0 0 0 0 1 1 0 1 1 1 0 0 0 1 1 1 0 0 1 1 1 0 0 0 1 2
336 0 1 0 1 0 0 0 0 0 0 0 0 0 0 0 0 0 0 0 0 0 1 1 0 1 1 0 0 0 0 0 0 0 1 0 1 1 1 1 1 1 1 2
337 0 0 0 0 0 0 0 1 0 0 0 0 0 0 0 1 0 1 0 1 1 0 0 0 0 0 1 0 0 0 0 0 0 0 0 0 1 0 1 1 0 1 1
338 0 0 0 0 0 0 0 1 1 1 1 1 1 0 1 1 0 1 0 1 0 0 1 1 1 1 1 1 1 1 1 1 1 1 0 1 1 0 0 0 0 0 1
339 0 0 0 1 0 1 0 0 0 0 0 0 0 0 0 0 0 1 0 0 0 1 0 0 0 1 0 0 0 1 1 1 0 0 0 0 0 0 1 1 1 0 1
340 0 1 0 0 0 0 0 0 1 1 1 1 0 0 0 0 0 1 1 1 0 1 0 0 0 1 1 1 0 1 1 1 1 0 1 1 0 0 1 1 1 0 1
341 0 0 0 0 0 0 0 0 0 0 1 1 0 0 0 0 0 0 0 0 0 0 1 1 0 0 1 0 1 1 1 1 1 1 0 0 0 0 0 0 0 0 1
342 0 1 0 0 0 0 0 1 0 1 1 0 0 0 1 0 0 0 0 0 0 0 1 0 0 0 0 0 0 1 1 1 1 0 0 0 0 0 1 1 0 0 1
343 0 1 0 0 0 0 0 0 0 0 1 0 0 0 0 0 0 0 0 0 0 1 1 1 1 1 1 1 0 1 1 1 1 1 0 1 1 1 1 0 1 1 2
344 0 0 0 0 0 0 0 1 0 0 1 0 0 0 0 0 0 0 0 0 0 1 1 1 1 1 1 1 0 1 1 1 1 1 0 1 1 1 1 1 1 1 2
345 0 1 0 0 0 0 0 0 1 1 1 1 1 0 1 1 0 0 0 0 0 0 1 0 0 0 0 0 1 1 0 1 0 1 1 1 1 0 1 1 1 0 1
346 0 1 0 0 0 0 0 0 1 0 0 0 0 0 1 0 0 0 0 0 0 0 1 0 0 0 0 0 0 0 0 0 0 0 0 0 1 0 1 1 1 0 1
347 0 0 0 0 0 0 0 0 0 0 0 0 1 0 0 0 0 1 0 1 0 0 1 0 0 0 1 0 0 0 1 1 1 0 0 0 0 0 0 0 0 0 1
348 0 1 0 0 1 0 0 0 1 1 1 1 1 1 1 0 0 1 0 0 0 0 1 0 0 1 1 0 1 1 1 1 1 1 1 0 1 0 1 1 0 0 1
349 0 0 0 0 1 0 0 1 0 0 1 1 0 0 0 1 0 0 0 1 0 0 0 0 0 0 0 0 0 0 0 0 0 0 0 0 0 0 0 0 0 0 1
350 0 0 0 0 0 1 0 0 0 1 1 1 0 0 0 0 0 0 0 0 0 0 0 0 0 1 0 0 0 0 1 1 1 1 0 0 0 0 0 0 0 1 1
351 0 0 0 0 0 1 0 1 0 0 0 0 0 0 1 1 0 0 0 0 0 0 1 0 0 1 0 0 0 0 0 1 0 0 1 0 0 1 1 1 1 1 2
352 0 0 0 0 0 0 0 0 0 0 0 0 0 0 0 0 0 1 1 0 0 0 0 0 0 1 1 0 1 0 1 1 0 0 0 0 0 0 0 0 0 0 2
353 0 1 0 0 1 1 0 1 1 1 1 1 1 0 1 1 0 1 1 1 1 0 1 0 0 1 1 1 1 0 1 1 1 1 1 1 1 1 1 1 0 1 2
354 0 0 0 0 0 0 0 1 0 0 1 0 1 0 0 0 0 0 0 0 0 0 0 0 0 0 0 0 0 0 0 0 0 0 0 0 0 0 0 0 0 0 2
355 0 1 1 1 1 1 1 0 0 1 1 0 0 0 1 1 0 1 0 0 0 0 1 0 0 1 1 1 0 0 1 1 0 1 0 1 1 1 1 1 1 1 2
356 0 0 0 0 0 0 0 0 0 1 1 1 0 0 0 0 0 1 0 0 0 0 1 0 0 0 0 0 0 1 0 0 0 1 0 1 1 0 1 0 1 1 2
357 0 1 0 0 0 0 0 0 0 0 0 0 0 0 0 0 0 1 1 1 0 0 0 0 0 0 0 0 0 0 1 1 0 1 1 1 0 1 1 0 1 1 2
358 0 1 0 0 0 1 0 1 0 0 0 0 0 0 0 0 0 0 0 0 0 0 1 0 0 0 0 0 0 0 0 0 0 0 0 1 1 0 1 0 1 1 2
359 0 1 1 0 0 0 0 1 0 0 1 0 0 0 0 0 0 1 0 1 0 0 1 0 0 0 0 0 0 0 0 0 1 1 1 1 1 1 1 1 1 1 2
360 0 0 0 0 0 0 0 0 0 1 1 1 0 0 1 0 0 0 0 0 0 0 1 0 0 1 1 1 1 1 1 1 1 1 1 1 0 1 1 1 1 0 2
361 0 1 0 0 0 1 0 1 0 0 1 0 0 0 0 1 0 1 0 0 1 1 1 0 0 1 0 0 1 0 1 1 0 1 1 1 1 1 1 0 1 1 2
362 0 1 0 0 1 1 1 1 1 0 0 0 0 0 0 1 0 1 0 1 0 1 0 1 0 1 1 1 0 1 1 1 1 1 1 1 1 1 1 0 1 0 2
363 0 1 0 0 1 1 1 0 1 1 1 1 0 0 1 1 0 0 0 0 0 0 0 0 0 0 0 0 0 0 0 0 0 0 0 0 1 0 1 1 1 1 2
364 1 0 0 0 0 0 0 1 1 0 0 0 0 0 0 1 0 1 0 0 0 1 1 1 0 0 1 0 0 1 0 0 0 1 1 0 1 1 1 0 0 0 2
365 0 0 0 0 0 0 0 1 0 1 1 1 0 0 0 0 0 1 0 0 1 1 0 1 0 1 1 1 1 1 1 1 1 1 1 1 1 1 1 0 1 0 2
366 0 0 0 0 0 1 0 0 1 0 1 1 0 0 0 0 0 1 0 0 0 0 0 0 0 0 0 0 0 0 0 0 0 0 0 0 0 0 0 0 0 0 2
367 0 0 0 0 0 0 0 1 0 0 0 0 0 0 0 0 0 1 1 0 0 1 1 0 0 1 0 0 0 0 1 1 0 0 1 0 0 1 1 0 0 0 2
368 0 0 0 0 1 1 1 0 1 1 1 1 0 0 0 0 0 1 0 0 0 1 1 0 0 1 1 1 0 1 1 1 1 0 0 0 0 1 1 1 1 0 2
369 0 1 0 0 0 1 0 0 1 1 1 0 0 0 0 1 0 1 0 0 0 0 1 0 0 0 1 0 0 0 1 0 0 0 0 0 0 0 0 0 1 0 2
370 0 1 0 0 0 1 0 0 1 0 0 0 0 0 0 0 0 1 1 1 0 0 0 1 0 1 1 1 0 1 1 1 1 1 0 0 0 0 1 1 1 0 2
371 0 0 0 0 0 1 0 1 0 1 1 0 1 0 0 1 0 1 1 1 0 0 1 0 0 0 1 0 0 1 1 1 1 1 0 1 1 0 1 1 1 0 2
372 0 1 1 0 1 1 0 0 1 1 1 1 1 0 0 0 0 1 0 0 0 1 1 1 1 1 1 1 1 1 1 1 1 1 0 0 1 0 1 1 1 1 2
373 0 1 0 0 0 0 0 0 0 0 0 0 1 0 1 0 0 1 0 0 0 1 1 1 0 0 0 0 0 0 0 0 0 1 0 0 0 0 1 1 1 0 2
374 0 0 0 0 0 0 0 1 0 0 0 0 0 1 0 0 0 1 0 1 1 0 1 0 0 1 0 0 1 0 1 1 0 0 0 0 1 0 1 0 0 1 2
375 0 0 0 0 1 1 0 1 0 0 0 0 1 0 1 1 0 1 0 0 1 0 1 0 0 0 0 0 0 0 0 0 0 0 0 0 1 0 1 1 1 0 2
376 0 0 0 0 0 0 0 0 1 1 1 0 0 0 0 1 0 0 0 0 1 0 0 0 0 1 0 0 0 1 1 1 0 1 0 1 1 0 1 1 1 0 2
377 0 0 0 0 0 0 0 0 0 0 0 0 0 0 0 0 0 0 0 0 1 0 1 0 0 0 0 0 0 1 1 1 1 1 1 1 0 0 1 0 0 0 2
378 0 1 0 0 1 1 0 0 0 1 1 1 0 0 1 0 0 1 1 1 0 0 0 0 0 0 0 0 0 0 0 0 0 0 0 0 0 0 0 0 0 0 2
379 0 0 0 0 0 1 0 0 0 0 0 0 0 0 0 0 0 1 0 0 0 0 0 0 0 0 0 0 0 0 0 0 0 0 0 0 0 0 1 1 0 0 2
380 0 0 0 0 0 0 0 1 0 0 0 0 0 0 0 0 0 0 0 0 0 0 0 0 0 0 0 0 0 0 0 0 0 0 0 0 1 0 1 0 0 0 2
381 0 0 0 0 0 0 0 0 0 0 0 0 0 0 0 0 0 0 0 0 1 0 0 0 1 0 0 0 0 0 0 0 0 0 0 0 0 0 0 0 0 0 2
382 0 0 0 0 0 0 0 0 0 0 0 0 0 0 0 0 0 1 1 0 0 0 0 0 0 0 0 0 0 0 0 0 0 0 0 0 0 0 0 0 0 0 2
383 0 1 0 0 0 0 0 1 0 0 1 0 0 0 0 0 0 1 1 0 0 0 0 1 0 0 0 0 1 0 1 1 0 1 0 0 0 0 1 1 0 0 2
384 1 1 1 0 0 1 0 0 1 1 1 1 1 0 0 1 0 1 1 0 0 1 1 1 1 1 1 1 1 1 1 1 1 1 1 1 1 1 1 1 0 1 2
385 0 0 0 0 0 0 0 0 0 0 0 0 0 0 0 0 0 0 0 0 0 1 0 0 0 1 1 0 1 1 0 0 0 0 1 1 1 0 1 0 0 1 2
386 1 1 0 1 0 1 0 0 0 0 1 0 0 0 0 0 0 1 1 0 0 1 1 0 0 0 1 1 0 1 1 1 1 0 0 1 1 0 1 1 1 1 2
387 1 0 0 0 0 0 0 0 1 0 0 0 0 0 1 1 0 1 1 0 0 1 1 0 0 1 1 1 1 1 1 1 1 1 1 1 1 1 1 1 0 1 2
388 0 1 1 0 0 1 0 0 1 1 1 1 0 0 0 1 0 1 1 0 0 1 1 0 0 1 1 1 0 0 1 1 0 1 1 0 1 1 1 0 0 0 2
389 0 0 0 0 0 0 0 0 1 0 0 0 0 0 0 0 0 0 0 0 0 0 0 0 0 0 0 0 0 0 0 0 0 0 0 0 0 0 0 0 0 0 2
390 0 0 0 1 1 1 0 1 1 1 1 1 1 0 1 1 0 1 1 0 1 1 1 1 1 1 1 1 1 1 1 1 1 1 0 0 1 0 1 1 1 1 2
391 1 1 1 0 1 0 0 1 1 1 1 1 1 1 1 1 0 1 1 1 0 1 1 0 1 1 1 1 1 1 1 1 1 1 1 1 1 1 1 1 1 1 2
392 0 1 0 0 1 0 0 0 0 1 1 1 0 0 1 1 0 1 0 0 0 0 0 1 0 1 1 0 1 1 1 1 0 0 0 0 1 0 1 0 0 0 2
393 0 0 0 0 1 1 0 0 1 0 0 0 0 0 0 0 0 0 0 1 0 0 0 0 0 1 0 0 0 1 1 1 1 0 0 0 0 0 1 1 1 0 2
394 0 1 0 0 0 1 0 0 1 1 1 1 1 0 1 1 0 1 0 0 0 0 1 0 0 1 1 1 1 1 1 1 1 1 1 1 1 0 1 1 0 0 2
395 0 1 0 0 0 0 0 1 1 1 1 1 1 0 1 0 0 1 0 1 0 0 1 0 0 1 1 1 0 0 1 1 0 1 0 1 0 0 1 0 0 1 2
396 0 1 0 0 1 1 0 1 0 0 0 0 0 0 0 0 0 1 1 1 1 1 1 1 0 1 1 0 1 0 1 1 0 1 0 1 0 0 1 1 1 1 2
397 1 0 0 0 0 0 0 0 0 0 0 0 1 1 1 1 0 1 1 1 1 1 1 0 0 1 1 1 1 1 1 1 1 0 1 1 1 0 1 0 0 1 2
398 0 1 0 0 1 1 1 0 1 1 1 1 1 1 0 1 0 1 0 0 0 0 1 0 0 1 1 1 1 1 1 1 1 1 1 0 1 0 1 1 1 0 1
399 0 1 0 0 1 1 0 0 0 0 0 0 0 0 0 1 0 1 0 0 0 1 0 1 1 0 0 0 0 1 0 0 0 1 1 1 1 0 0 0 0 0 1
400 0 0 0 1 0 0 0 0 0 0 0 0 0 0 1 1 0 0 0 0 0 0 1 0 0 0 0 0 0 1 1 1 1 0 0 0 1 0 1 1 1 1 1
401 0 0 0 0 1 1 0 0 1 0 1 1 1 0 1 1 0 1 1 0 0 1 1 1 1 1 1 1 1 0 1 1 1 1 1 1 1 0 1 0 0 0 1
402 0 1 1 0 0 0 0 1 1 0 0 0 1 0 0 0 0 1 0 0 0 1 1 1 1 0 0 0 0 0 0 0 0 0 0 0 0 0 1 0 0 0 1
403 0 1 0 0 0 1 0 0 0 0 1 0 0 1 0 1 0 1 1 0 0 0 0 0 0 0 0 0 0 0 0 0 0 0 0 0 0 0 0 0 0 0 1
404 0 0 0 0 0 0 0 1 1 1 1 1 0 1 0 0 0 0 0 0 0 1 1 0 1 1 1 0 0 1 1 1 1 0 1 0 0 0 0 0 0 0 2
405 0 1 1 0 1 1 1 1 1 1 1 1 1 1 0 1 0 1 1 1 0 0 0 0 0 0 0 0 0 0 0 0 0 0 0 0 0 0 0 0 0 0 2
406 0 0 1 1 0 1 0 1 1 0 1 0 0 0 0 1 0 1 1 1 0 1 1 1 1 1 0 0 0 1 0 1 0 1 0 0 1 0 1 1 0 0 2
407 0 1 0 0 0 0 0 0 1 1 1 1 0 0 1 1 0 1 1 1 0 1 1 0 1 1 1 0 1 0 1 1 1 1 0 1 1 1 0 0 0 1 2
408 0 1 0 0 0 1 0 0 1 1 1 1 0 0 1 0 0 1 1 0 0 1 1 0 1 1 1 1 0 1 1 1 1 1 1 1 1 0 1 1 0 0 2
409 0 1 0 1 1 1 0 0 1 1 1 1 1 1 1 1 0 0 0 0 0 1 1 1 1 1 1 0 1 0 1 1 1 0 1 1 1 1 1 1 1 1 2
410 0 1 0 1 1 1 0 1 1 1 1 1 1 0 1 1 0 1 1 0 0 1 1 0 1 1 1 0 0 1 1 1 0 1 1 1 1 0 1 1 1 1 2
411 0 0 0 0 1 0 0 0 0 1 1 0 0 0 0 0 0 0 0 0 0 1 1 1 1 1 1 0 1 1 1 1 1 1 1 0 1 1 1 1 1 1 2
412 0 1 1 0 1 0 0 0 1 1 0 0 1 0 0 0 0 1 1 0 0 0 0 0 0 0 0 0 0 0 1 1 1 0 0 0 0 0 1 0 1 0 2
413 0 0 0 0 0 0 0 0 1 0 0 1 0 0 0 1 0 0 0 0 0 1 1 1 1 1 1 1 0 1 1 1 1 1 1 1 1 0 1 1 1 1 2
414 0 1 0 0 0 0 0 0 1 1 1 0 0 0 0 1 0 1 0 0 0 1 1 0 1 1 1 1 1 1 1 1 1 1 1 1 1 1 1 0 1 1 2
415 1 1 0 1 0 1 0 1 1 1 0 1 1 1 0 1 0 0 0 0 0 1 1 0 0 1 1 0 0 1 1 1 1 1 1 1 1 1 1 1 1 0 2
416 0 0 0 0 0 1 0 0 1 0 1 0 1 1 1 0 0 1 1 0 0 1 1 1 1 1 1 0 1 1 1 1 1 1 1 1 1 1 1 1 1 1 2
417 1 1 1 0 1 1 0 0 1 1 1 1 1 1 0 1 0 0 0 0 0 1 1 0 1 1 1 1 0 1 1 0 0 1 1 0 1 1 1 0 1 1 2
418 0 0 0 0 0 1 0 0 1 1 1 1 1 0 1 1 0 0 0 0 0 1 1 0 0 1 1 1 1 1 1 1 1 1 1 1 1 0 1 1 1 1 2
419 0 1 0 0 0 0 0 1 1 0 0 1 1 0 0 0 0 0 0 0 0 1 1 1 1 1 1 0 1 1 1 1 1 1 1 0 1 1 1 0 1 1 2
420 0 1 1 1 0 0 0 1 1 1 1 1 1 0 0 1 0 0 0 0 0 99 99 99 99 99 99 99 99 99 99 99 99 1 0 1 1 0 1 0 0 0 2
421 0 1 1 1 0 0 0 0 1 1 1 0 1 1 1 1 0 1 1 0 0 1 1 0 1 1 1 1 1 1 1 1 1 1 1 1 0 0 1 1 1 1 1
422 1 0 0 0 1 1 1 0 1 1 1 1 1 1 1 1 0 1 0 0 1 0 1 1 0 1 1 1 1 1 1 1 1 0 1 1 0 0 1 1 1 1 1
423 0 1 0 0 1 0 0 0 1 1 1 1 1 0 1 0 0 0 0 0 0 0 1 0 1 1 1 1 0 1 1 0 1 1 0 1 1 0 1 1 0 1 1
424 0 1 0 0 1 1 1 1 1 1 1 1 1 0 0 1 0 1 1 0 0 1 1 1 1 1 1 1 1 1 1 1 1 0 1 0 1 0 1 0 1 0 1
425 1 1 1 1 1 0 0 1 1 1 1 1 99 99 99 99 99 99 99 99 99 1 1 1 1 1 1 1 1 1 1 1 1 1 1 1 0 0 1 1 1 1 1
426 1 1 0 1 1 1 1 1 1 0 1 1 1 1 0 0 0 1 1 0 1 0 1 0 0 0 0 0 0 0 0 0 1 1 0 0 0 0 0 0 0 0 1
427 0 1 0 0 0 0 0 0 0 0 0 0 99 99 99 99 99 99 99 99 99 1 1 0 1 1 1 0 1 1 0 1 1 1 1 1 0 0 1 1 1 1 1
428 1 0 0 1 1 1 0 1 1 1 1 1 1 1 0 0 0 1 0 0 0 0 1 0 1 1 1 0 1 1 1 1 1 1 1 1 1 1 1 0 1 1 1
429 1 1 0 1 1 1 0 0 1 1 1 1 1 1 1 1 0 1 1 1 0 1 1 1 1 1 1 1 1 1 0 1 1 0 0 1 1 0 1 1 1 1 1
430 1 1 0 0 1 1 0 0 1 1 1 0 0 0 0 1 0 1 1 0 1 0 1 0 1 0 0 0 1 1 1 1 1 0 1 1 0 0 0 0 0 0 1
431 0 1 0 0 0 1 0 1 1 0 1 0 0 0 0 0 0 1 0 0 0 0 1 0 0 0 1 0 0 0 1 0 0 1 0 0 0 0 0 0 0 0 1
432 0 0 0 0 0 1 0 0 0 0 0 1 99 99 99 99 99 99 99 99 99 0 1 0 0 1 1 0 1 1 1 1 1 1 0 1 1 0 1 0 1 0 1
433 0 1 0 0 1 1 1 1 1 1 1 1 1 0 1 1 0 1 1 0 0 0 1 0 1 1 1 0 0 1 1 1 1 1 1 1 1 0 1 1 1 1 1
434 0 1 0 1 0 1 0 1 1 1 1 1 1 1 1 1 0 1 1 0 0 0 1 0 0 0 0 0 0 1 1 1 0 1 0 0 1 0 0 0 1 1 1
435 0 1 0 0 0 1 0 1 1 1 0 1 99 99 99 99 99 99 99 99 99 1 1 0 1 1 1 1 0 1 1 1 1 1 1 1 1 0 1 0 0 1 1
436 0 1 0 0 1 1 1 1 1 1 1 1 1 0 1 1 0 1 0 0 0 0 1 0 0 0 0 0 1 0 1 1 1 1 0 0 1 0 1 0 0 0 1
437 0 1 0 0 1 1 0 1 1 1 1 1 1 0 0 1 0 0 0 0 0 0 1 0 0 0 1 0 1 1 1 1 0 1 0 0 0 0 0 0 0 0 1
438 0 1 0 0 0 0 0 1 0 0 0 1 0 0 0 0 0 0 0 0 0 0 1 1 0 1 0 0 1 1 1 1 1 1 0 1 1 0 1 1 1 1 1
439 1 1 0 0 1 1 0 1 0 1 1 1 0 1 1 1 0 1 1 0 0 0 1 1 1 1 1 1 1 1 1 1 1 1 1 1 1 0 1 1 1 1 1
440 1 1 1 1 0 1 0 1 1 1 1 1 1 1 1 1 0 1 1 0 1 0 1 0 0 0 1 1 1 1 1 1 1 1 0 1 1 0 1 0 1 0 1
441 1 1 0 0 0 1 0 0 0 0 1 1 0 0 0 0 0 1 0 0 0 1 1 0 1 1 1 1 1 0 1 1 1 1 1 0 1 1 1 1 1 0 1
442 0 1 0 0 1 1 1 1 1 1 1 1 1 1 1 1 0 1 0 0 1 0 1 1 1 1 0 0 0 0 1 1 1 0 1 1 1 0 1 1 0 1 1
443 0 1 1 1 1 0 0 0 1 1 1 1 1 1 1 1 0 1 1 0 1 0 1 1 0 1 1 1 1 1 1 1 1 1 1 0 1 0 1 0 1 1 1
444 1 1 1 1 1 1 1 0 1 1 1 1 1 1 0 1 0 1 1 0 1 0 1 0 1 1 0 1 0 1 1 1 1 0 0 1 1 0 1 0 0 0 1
445 0 1 0 1 0 0 0 0 0 0 1 1 0 0 0 1 0 1 1 0 0 1 1 1 1 1 1 1 1 1 1 1 1 1 1 1 1 0 1 1 1 0 1
446 1 1 1 0 1 1 1 0 0 1 1 0 1 1 1 1 0 1 1 0 0 1 1 0 1 1 1 0 0 0 1 1 1 1 0 0 1 1 1 0 0 0 1
447 0 1 0 1 1 1 0 1 1 1 1 0 1 0 0 1 0 1 0 0 0 0 1 0 0 1 1 1 0 1 1 1 1 1 0 1 1 0 1 1 0 1 1
448 0 1 0 1 1 1 0 0 1 1 1 1 1 0 1 1 0 0 0 0 0 0 1 1 1 1 1 0 0 1 1 1 1 1 0 1 1 0 0 0 0 0 1
449 0 1 1 0 0 1 0 0 1 1 1 1 1 0 1 0 0 1 0 0 0 0 1 0 1 1 0 0 0 0 1 1 1 1 0 1 0 0 1 1 1 1 1
450 0 1 0 1 1 0 0 0 1 1 1 1 1 0 1 1 0 1 1 0 0 0 1 1 1 1 1 1 1 1 1 1 1 1 1 1 1 0 1 0 1 0 1
451 0 1 0 1 1 1 0 1 1 1 1 1 1 1 1 1 0 1 1 0 1 1 1 1 1 1 0 0 0 1 1 1 1 1 0 1 1 0 1 1 0 1 1
452 0 1 0 1 0 0 0 1 1 1 1 1 99 99 99 99 99 99 99 99 99 0 1 0 0 1 1 1 1 1 1 1 1 1 1 1 1 0 1 0 1 1 1
453 0 1 0 0 1 1 0 0 1 1 1 1 1 1 1 1 1 1 0 0 1 1 1 0 1 1 1 0 1 1 0 1 1 1 1 1 1 0 1 1 0 0 1
454 0 1 1 1 1 1 1 1 0 0 1 0 1 1 1 0 0 1 1 0 1 99 99 99 99 99 99 99 99 99 99 99 99 99 99 99 99 99 99 99 99 99 1
455 0 1 1 0 1 1 0 0 0 1 1 0 1 1 1 1 0 1 0 0 0 0 1 0 0 1 0 0 0 1 1 1 1 0 0 0 1 0 1 1 1 0 1
456 0 1 0 0 1 1 0 1 1 0 1 0 0 0 1 1 0 1 0 1 0 0 1 1 0 1 1 1 0 1 1 1 1 1 0 0 1 0 1 1 1 1 1
457 0 1 0 0 1 1 0 1 1 1 1 1 1 0 1 1 0 1 1 0 0 0 1 0 0 0 1 0 1 1 1 1 1 1 0 1 1 0 1 0 1 0 1
458 0 1 0 0 0 1 0 1 1 0 1 0 1 0 0 1 0 1 0 1 0 1 1 0 0 1 1 1 0 1 1 1 1 0 0 1 1 0 1 0 1 1 1
459 1 1 0 0 1 1 1 0 1 1 1 1 1 0 0 1 1 1 1 0 1 1 1 0 0 1 1 0 1 0 1 1 1 1 0 0 0 0 1 0 0 0 1
460 0 1 0 0 1 0 0 0 1 1 1 1 0 0 0 1 0 1 0 0 0 0 1 0 1 1 1 1 1 1 1 1 1 1 1 1 1 0 1 1 1 0 1
461 1 0 1 1 0 0 0 0 1 1 1 1 1 0 1 1 0 1 0 0 1 0 1 0 1 1 1 1 0 1 1 1 1 1 0 1 1 0 1 1 1 0 1
462 1 1 0 1 1 1 0 0 0 1 0 0 1 1 0 1 0 1 1 0 0 0 1 0 1 1 1 0 0 0 1 1 1 1 1 1 1 0 1 0 1 0 1
463 0 1 1 0 1 1 0 0 0 1 1 1 0 0 1 1 0 1 0 0 0 1 1 0 1 1 1 1 0 1 1 1 1 1 1 1 1 0 1 0 1 1 1
464 99 99 99 99 99 99 99 99 99 99 99 99 1 1 1 1 0 1 1 0 0 1 0 0 0 1 0 0 1 0 0 0 0 0 0 0 0 0 1 0 1 0 1
465 0 1 0 0 0 0 0 1 1 1 1 1 0 0 0 0 0 0 0 0 0 0 1 0 0 1 1 1 1 1 1 1 1 1 0 1 1 0 1 1 1 1 1
466 99 99 99 99 99 99 99 99 99 99 99 99 1 0 1 1 0 1 1 1 0 0 0 1 1 1 1 0 0 0 1 1 1 0 0 0 0 0 0 0 0 0 1
467 0 0 0 0 0 0 0 0 0 1 1 0 99 99 99 99 99 99 99 99 99 0 1 1 1 1 1 0 0 1 1 1 1 1 0 1 1 0 1 1 0 0 1
468 0 1 0 0 1 1 1 0 1 1 1 1 99 99 99 99 99 99 99 99 99 1 1 1 1 1 1 1 1 1 1 1 1 1 1 1 1 0 1 1 1 0 1
469 1 0 0 1 1 1 1 1 1 1 1 1 1 1 1 1 0 1 1 0 0 0 1 0 0 0 0 0 0 0 1 1 0 0 0 1 1 0 1 1 0 0 1
470 0 1 0 0 0 1 0 0 0 0 0 0 1 0 0 1 0 1 0 0 0 0 1 0 0 0 1 1 1 1 0 0 1 1 0 1 0 0 1 1 1 0 1
471 0 1 0 1 0 1 0 0 0 1 0 0 0 0 1 0 0 0 0 0 0 0 1 0 0 0 0 0 0 1 1 1 0 1 0 1 1 0 1 0 0 0 1
472 0 1 0 0 0 0 0 0 0 1 1 1 1 0 1 1 0 1 0 0 0 0 1 0 1 1 0 1 0 1 1 1 1 1 0 0 1 0 0 0 1 0 1
473 0 1 1 0 0 0 0 0 0 1 1 1 1 1 1 1 0 1 1 0 0 0 1 0 0 1 1 1 1 1 1 1 1 1 1 1 1 0 1 0 1 1 1
474 0 1 1 0 0 0 0 0 1 0 0 0 1 1 1 1 0 1 1 1 0 1 1 0 1 1 1 1 1 1 0 1 1 1 1 1 0 0 1 1 1 0 1
475 1 1 0 1 1 1 1 1 1 1 1 1 1 1 1 1 0 1 1 0 0 0 0 0 0 0 0 0 0 1 1 1 1 1 1 1 1 0 1 1 0 0 1
476 1 0 0 0 0 0 1 0 0 0 0 1 1 0 0 1 0 1 0 0 0 1 0 1 1 0 1 0 1 1 1 1 1 1 1 1 1 0 1 0 1 0 1
477 1 1 0 1 1 1 1 1 1 1 1 1 1 1 1 1 0 1 1 1 0 0 1 0 0 1 1 1 0 1 1 1 1 1 0 0 0 0 1 1 1 0 1
478 0 0 0 1 1 1 1 0 1 1 1 1 1 0 0 1 0 1 1 0 1 1 1 0 1 1 1 0 1 1 1 1 1 0 1 1 1 0 1 0 1 1 1
479 1 1 1 1 1 1 0 1 1 1 1 1 1 1 1 1 0 1 1 1 0 1 1 0 1 1 0 0 1 1 1 1 0 1 0 0 1 0 0 0 1 0 1
480 0 1 0 0 0 0 0 1 0 0 0 0 0 0 0 1 0 0 0 0 0 0 1 0 0 0 1 1 0 1 1 1 1 1 0 1 1 0 1 1 1 1 1
481 0 1 0 1 0 0 0 0 1 1 1 0 0 0 1 1 0 1 1 1 0 1 1 1 1 1 1 1 1 1 1 1 1 1 1 1 1 0 1 1 0 1 1
482 1 1 1 1 1 1 1 1 1 1 1 1 1 0 1 1 0 1 1 0 1 1 1 0 0 1 1 1 0 1 1 1 1 1 1 1 1 0 0 0 0 0 1
483 0 1 0 1 1 1 1 1 1 1 1 1 1 1 1 1 0 1 1 0 0 1 1 0 0 1 0 0 0 1 1 1 1 1 0 0 1 0 1 0 0 0 1
484 1 1 1 1 1 1 0 0 1 1 1 1 1 1 0 1 0 1 1 1 0 1 1 0 0 0 0 0 1 1 1 1 1 0 0 0 1 0 1 1 1 0 1
485 1 1 0 0 0 0 0 1 1 1 1 1 1 0 0 1 0 0 0 1 0 0 1 0 0 1 0 0 0 1 1 1 1 1 0 1 1 0 1 1 1 1 1
486 0 1 0 0 1 0 0 1 0 1 1 1 0 0 0 1 0 1 0 0 0 0 0 0 1 1 1 1 0 1 1 1 1 1 1 1 1 0 0 0 1 1 1
487 0 0 0 1 1 0 0 0 1 1 1 1 1 1 1 1 0 0 0 0 0 0 0 0 0 1 1 0 0 1 1 1 1 0 0 1 1 0 1 0 1 1 1
488 0 1 0 0 1 1 1 0 1 0 0 1 1 0 1 0 0 0 0 0 0 1 1 0 1 0 1 0 0 1 1 1 1 1 0 1 0 0 1 0 1 0 1
489 0 1 1 1 1 0 0 0 0 1 1 1 1 0 1 0 0 1 1 1 0 0 1 0 0 1 1 0 1 1 1 1 1 0 0 0 1 0 1 0 0 0 1
490 1 1 0 0 0 0 0 1 1 0 1 1 0 0 0 1 0 0 0 0 0 0 1 0 1 1 1 0 1 1 1 1 1 1 0 1 1 0 0 0 0 0 1
491 0 1 0 1 0 0 0 0 1 1 1 0 1 1 0 0 0 0 0 0 0 0 0 0 0 1 1 1 1 1 1 1 1 1 0 1 1 0 1 1 0 0 1
492 0 0 0 1 1 1 1 0 1 1 1 1 1 1 0 1 0 1 1 0 1 0 1 0 1 1 0 0 1 1 1 1 1 1 1 1 0 0 1 1 1 1 1
493 1 1 0 1 0 1 1 1 1 1 1 1 1 0 0 1 0 1 1 1 0 0 0 0 0 1 1 0 0 0 0 1 1 1 0 1 0 0 1 0 0 0 1
494 0 0 0 1 0 1 0 0 1 1 1 1 1 0 1 0 0 0 0 0 0 1 1 1 1 1 0 0 0 1 1 1 1 1 0 1 0 0 1 0 1 1 1
495 1 1 0 1 0 0 0 0 1 1 1 0 0 0 0 0 0 0 0 0 0 1 1 1 1 1 1 1 1 1 1 1 1 1 1 1 1 0 1 1 1 1 1
496 0 1 0 0 1 1 1 0 1 1 1 1 1 1 1 1 0 1 1 0 0 1 1 1 1 1 1 1 1 1 1 1 1 1 1 1 1 0 1 0 1 1 1
497 1 1 0 0 1 1 1 1 1 1 1 1 1 1 1 1 0 1 0 0 1 1 1 0 1 1 1 0 1 1 1 1 1 1 1 1 1 1 1 0 1 0 1
498 0 1 0 1 1 0 0 0 1 0 1 1 1 0 1 1 0 1 1 1 0 1 1 0 1 1 1 1 1 1 1 1 1 1 1 1 1 1 1 1 1 0 1
499 1 1 1 1 1 1 1 1 1 1 1 1 1 0 1 1 0 1 1 0 0 1 0 0 1 1 1 1 0 0 1 1 0 1 0 0 0 0 1 0 1 0 1
500 0 1 0 1 0 0 0 0 0 1 1 1 1 1 1 0 0 0 0 0 0 1 1 0 0 1 1 1 1 0 0 0 1 1 0 1 0 0 0 0 0 1 1
501 0 0 0 0 0 0 0 0 0 0 0 1 0 0 0 0 0 0 0 0 0 0 1 0 0 1 1 0 1 1 1 1 1 1 0 1 0 0 1 1 1 1 1
502 0 1 0 0 1 1 0 0 1 0 1 1 1 1 1 0 0 0 0 0 0 0 1 0 0 1 0 0 0 1 1 1 0 0 0 1 0 0 0 0 0 0 1
503 0 1 0 0 1 0 0 1 0 0 1 1 0 0 0 0 0 0 0 0 0 1 1 0 1 1 1 1 1 1 1 1 1 1 1 1 1 1 1 1 1 1 1
504 1 1 1 1 1 1 1 1 1 1 1 1 1 1 1 1 1 1 1 0 1 1 1 0 0 1 1 1 0 1 1 1 1 1 1 1 1 0 1 1 0 1 1
505 1 1 0 0 0 1 1 0 1 1 1 0 1 0 0 1 0 0 0 0 0 0 1 0 1 0 0 0 0 1 0 1 1 1 1 1 0 0 1 1 0 1 1
506 1 1 1 1 1 0 0 0 1 1 1 1 0 0 1 0 0 1 0 0 0 1 1 0 0 1 1 0 0 1 1 1 0 0 0 1 0 0 0 0 1 0 1
507 0 1 0 0 1 0 0 1 0 1 1 1 0 0 1 1 0 1 0 0 0 1 1 1 0 1 0 0 0 1 1 1 1 1 1 1 0 0 0 0 0 0 1
508 0 1 0 0 1 0 0 1 0 1 1 1 0 0 1 0 0 0 0 0 0 1 1 0 1 1 1 1 1 1 1 1 1 1 1 1 1 0 1 0 1 1 1
509 1 1 0 1 1 1 1 1 1 1 1 1 1 1 1 1 0 1 1 0 0 1 1 1 1 1 0 0 0 1 1 1 1 1 1 1 1 0 1 0 0 0 1
510 0 1 0 1 0 0 0 0 0 1 1 1 0 0 1 1 0 1 1 0 0 1 1 0 0 1 1 1 0 1 1 1 1 1 0 1 0 0 1 1 1 0 1
511 1 1 0 0 1 1 1 0 1 1 1 1 1 1 1 1 0 1 1 0 0 1 1 0 1 1 1 1 0 1 0 1 1 1 0 0 1 0 1 1 1 0 1
512 0 1 0 1 1 0 0 1 1 1 1 1 1 1 0 0 0 0 0 0 0 0 1 0 0 1 1 1 0 1 1 1 1 0 0 0 1 1 1 0 1 0 1
513 0 1 0 0 1 1 0 0 1 1 1 1 0 0 0 1 0 1 0 0 0 0 1 0 0 1 1 1 0 1 1 1 1 1 1 1 1 0 1 1 1 1 1
514 1 1 1 0 1 0 0 0 1 1 1 1 1 1 0 0 0 1 0 0 1 1 1 0 0 1 0 0 1 1 1 1 0 1 0 1 1 0 1 1 1 0 1
515 1 1 0 1 1 0 0 1 0 1 1 1 1 1 1 1 0 1 1 0 0 0 0 0 0 0 0 0 0 0 0 1 0 0 0 1 0 0 0 0 0 0 1
516 0 0 0 0 1 0 0 1 0 0 0 0 0 0 0 0 0 0 0 0 0 1 0 0 1 1 1 1 1 1 1 1 1 1 1 1 1 0 1 1 1 0 1
517 1 1 0 0 1 0 0 0 1 1 1 1 0 1 1 1 0 1 1 0 0 0 1 0 0 0 1 0 0 1 1 1 0 1 0 1 1 0 1 1 1 0 1
518 0 1 0 0 0 0 0 1 0 1 1 0 1 0 1 1 0 1 1 0 1 1 1 0 1 1 0 0 0 1 1 1 1 1 1 1 1 0 1 1 1 0 1
519 1 1 0 0 1 1 1 0 1 1 1 1 1 1 1 1 0 1 1 0 1 1 1 0 0 1 0 0 0 1 1 1 1 1 0 1 1 1 1 1 1 1 1
520 0 1 0 0 1 0 0 0 1 1 1 1 1 0 0 0 0 1 0 0 0 1 1 1 0 1 1 1 0 1 1 1 1 1 1 1 1 1 1 1 1 1 2
521 0 0 0 0 1 0 0 0 1 1 1 1 0 0 1 1 0 1 0 0 0 1 1 1 0 1 0 0 0 0 1 1 1 1 1 1 1 1 0 0 1 1 2
522 0 0 0 0 0 0 1 0 0 1 1 0 0 0 1 1 0 0 0 1 0 1 1 1 0 0 1 0 0 1 1 1 1 1 1 1 1 1 1 1 1 1 2
523 0 1 1 1 0 1 0 1 1 1 1 1 1 0 1 1 0 1 1 0 0 1 1 1 1 0 1 0 0 1 1 1 0 1 1 0 1 1 1 0 1 1 2
524 0 1 0 0 0 1 0 1 1 1 1 1 1 0 1 0 0 0 0 0 0 1 1 0 1 0 1 0 1 1 1 1 1 1 0 1 0 0 1 0 1 1 2
525 0 1 1 1 0 0 0 1 1 1 1 0 0 1 0 0 0 1 0 1 0 1 0 0 0 1 1 1 0 1 1 1 1 1 1 1 0 1 1 0 1 1 2
526 0 0 0 0 0 0 0 0 0 1 1 1 0 0 0 1 0 0 0 1 0 0 1 0 0 0 1 0 0 0 0 0 0 1 0 0 0 1 1 0 0 0 2
527 1 0 1 0 0 0 0 0 0 1 1 1 0 0 1 1 0 0 0 0 0 1 1 1 1 1 1 1 1 1 1 1 1 1 0 1 1 1 1 1 1 1 2
528 0 1 1 1 1 1 1 1 1 1 1 1 1 1 1 1 0 1 1 1 0 0 1 0 0 0 1 1 0 1 1 1 1 0 0 0 1 0 1 1 1 0 2
529 0 1 0 0 0 0 0 1 1 1 1 1 1 0 0 1 0 1 0 0 0 1 1 0 0 1 1 1 1 1 1 1 1 1 1 1 1 0 1 1 1 0 2
530 0 1 0 0 0 0 0 1 1 1 0 1 0 0 0 0 0 1 0 0 0 1 1 0 1 1 1 0 1 1 1 1 1 1 0 1 1 0 1 1 0 1 2
531 0 0 0 1 1 1 1 1 1 1 1 1 1 1 1 1 0 1 0 0 1 1 1 0 0 0 0 0 0 1 1 1 1 1 0 1 1 0 1 0 1 1 2
532 1 1 0 0 0 0 0 0 1 1 1 1 1 0 1 1 0 1 0 1 1 0 1 1 1 1 1 1 1 1 1 1 1 1 0 0 1 0 1 0 1 1 2
533 0 1 0 1 0 0 0 0 1 1 1 1 1 1 0 1 0 1 1 0 0 0 1 0 1 1 1 0 0 1 1 1 1 0 0 1 1 1 1 1 1 1 2
534 0 1 0 0 0 1 0 1 1 0 1 1 1 0 1 1 0 1 1 0 0 1 1 1 1 1 1 1 1 1 0 1 1 1 1 1 1 0 1 0 0 0 2
535 0 1 0 0 1 1 0 0 1 0 1 0 1 1 1 1 0 1 0 0 0 1 1 0 0 0 0 0 1 1 1 0 1 1 1 1 1 0 1 0 1 1 2
536 0 1 1 1 0 0 0 1 1 1 1 1 1 1 1 1 0 1 1 0 0 1 1 0 0 0 0 0 1 1 1 0 1 1 1 1 1 1 1 1 1 1 2
537 0 1 1 1 1 1 1 1 1 1 1 1 1 1 1 0 0 1 1 0 0 1 1 0 1 0 1 1 1 1 1 1 1 1 0 1 0 1 1 1 1 1 2
538 0 1 0 1 1 1 0 0 1 1 1 1 1 0 1 0 0 1 0 1 1 1 1 1 1 1 1 0 1 1 1 1 1 99 99 99 99 99 99 99 99 99 2
539 0 1 0 0 1 0 0 0 1 1 1 0 0 0 0 1 0 0 0 1 0 1 1 0 1 1 0 0 1 1 1 1 1 1 1 1 1 1 1 1 0 1 2
540 0 1 0 0 1 1 0 1 1 1 1 0 0 0 1 1 0 1 0 1 1 1 1 1 0 1 1 1 0 0 1 1 1 1 1 1 1 0 1 1 1 1 2
541 0 1 0 0 1 1 0 0 1 1 1 1 1 1 1 1 0 1 0 0 0 1 1 0 0 1 0 0 0 1 1 1 1 0 0 1 1 0 1 0 1 1 2
542 0 1 0 1 0 0 0 0 1 1 1 0 1 1 0 0 0 1 1 0 1 1 1 1 0 1 1 1 1 1 0 1 1 1 1 1 1 0 1 0 1 1 2
543 1 1 1 0 0 1 0 1 1 1 1 1 1 0 1 1 0 0 0 0 1 0 1 0 0 0 0 0 0 0 0 0 0 0 0 0 0 0 0 0 0 0 2
544 0 0 0 0 0 0 0 0 0 0 0 0 0 0 0 0 0 0 0 0 0 0 1 0 0 1 1 0 1 1 1 1 1 1 0 1 1 0 1 1 1 0 2
545 0 1 0 0 1 1 0 0 1 1 1 1 1 0 1 1 0 0 0 0 0 0 0 0 1 0 1 0 0 1 0 0 0 1 0 1 1 0 1 1 1 0 2
546 0 0 0 1 0 1 0 1 0 1 0 0 1 0 0 0 0 0 0 0 0 1 1 0 1 1 1 0 1 1 1 1 1 1 0 0 1 0 1 1 1 0 2
547 0 1 0 1 1 1 0 0 1 1 1 1 0 0 0 1 0 1 1 1 0 0 1 0 0 0 1 0 0 1 1 1 0 1 0 0 0 0 1 0 1 1 2
548 0 0 0 0 0 0 0 0 0 0 0 0 1 0 1 0 0 1 0 0 0 1 1 0 1 1 0 0 1 1 1 1 1 1 1 1 1 1 0 0 0 1 2
549 0 1 0 1 0 0 0 0 1 1 1 1 1 1 1 1 0 0 0 0 1 0 1 0 0 1 1 0 0 1 0 1 1 1 0 0 1 0 0 0 0 0 2
550 0 1 0 0 1 0 0 1 1 0 1 0 0 0 0 1 0 0 0 0 1 0 1 0 0 0 0 0 0 0 1 0 1 0 0 0 0 0 1 0 0 0 2
551 0 1 0 1 0 0 0 0 0 0 0 0 1 0 0 0 0 0 0 0 1 0 1 0 0 1 1 0 1 1 1 1 0 1 1 1 1 0 1 1 1 1 2
552 0 1 0 1 1 1 0 1 0 1 1 1 0 0 0 1 0 1 1 0 0 1 1 0 0 1 1 0 0 1 1 1 1 1 0 0 0 0 1 1 1 1 2
553 0 1 0 1 1 0 0 0 0 1 1 1 1 0 0 0 0 1 1 0 0 0 0 1 0 0 1 0 0 1 1 1 1 1 0 1 1 0 1 0 1 0 2
554 0 1 0 0 1 0 0 1 1 1 1 0 1 0 0 0 0 1 1 1 0 1 1 1 0 1 1 1 1 1 1 1 1 1 1 1 1 0 1 1 1 1 2
555 1 1 1 0 1 0 0 1 1 1 1 1 0 0 1 1 0 1 0 1 1 0 1 0 0 1 1 0 0 1 1 1 1 1 1 0 1 0 1 1 1 1 2
556 0 1 0 0 0 0 0 0 1 1 1 1 1 0 1 1 0 1 0 1 0 0 0 0 0 0 1 0 1 1 1 1 0 1 0 0 0 0 1 0 1 1 2
557 0 0 0 0 0 0 0 0 1 1 1 0 0 0 0 0 0 0 0 0 0 0 1 0 0 1 1 1 0 1 1 1 1 1 0 1 1 0 1 1 1 1 2
558 0 1 0 0 1 0 0 0 1 1 1 1 1 0 1 0 0 0 0 1 0 1 1 1 1 1 1 1 1 1 1 1 1 1 1 1 1 0 1 0 0 0 2
559 0 1 1 1 1 1 1 1 1 1 1 1 1 0 0 1 0 1 1 1 0 1 1 0 0 1 0 0 0 1 1 1 1 1 0 1 1 0 1 0 1 0 2
560 0 1 0 0 1 0 0 0 0 1 1 1 1 0 1 1 0 0 0 0 0 1 1 0 1 1 1 1 1 1 1 1 1 1 1 1 1 1 1 1 1 1 2
561 1 1 0 1 1 1 1 0 1 1 1 0 0 1 1 1 0 1 1 1 1 1 1 1 0 1 1 0 1 1 1 1 1 1 1 1 1 1 1 1 1 1 2
562 1 1 0 1 1 1 0 1 1 0 0 1 1 1 1 1 0 1 1 0 1 1 1 0 0 1 1 0 1 1 1 1 1 1 1 0 0 1 1 0 1 1 2
563 1 1 1 0 1 1 0 0 1 1 1 1 0 0 1 1 1 1 0 1 1 0 1 0 0 0 1 0 1 0 0 0 1 1 1 1 0 0 0 0 1 0 2
564 0 0 0 0 0 1 0 0 1 1 1 1 99 99 99 99 99 99 99 99 99 1 1 1 1 1 0 0 1 1 1 0 1 0 1 0 0 0 1 1 0 1 2
565 0 1 0 1 1 0 0 1 0 1 1 1 1 0 1 1 0 1 1 1 0 0 1 0 0 1 0 0 0 1 0 0 1 1 0 0 0 0 1 1 0 0 2
566 0 0 0 0 0 1 0 1 0 0 0 1 0 0 0 0 0 0 0 0 1 1 1 1 1 1 1 1 1 1 1 1 1 1 1 0 1 1 1 1 1 1 2
567 1 1 1 1 1 1 1 1 1 1 1 1 1 1 1 1 0 1 1 1 1 0 1 0 0 0 1 1 0 1 1 1 1 1 0 1 1 0 1 0 1 1 2
568 0 0 0 0 1 1 1 0 1 1 1 1 1 0 1 1 0 0 0 0 0 0 1 1 1 1 0 0 0 0 0 0 1 1 0 1 1 0 1 0 1 0 2
569 1 0 0 1 1 0 0 0 0 1 1 0 1 0 1 1 0 1 0 1 0 0 1 0 0 1 1 1 1 1 1 1 1 1 1 1 1 1 1 1 1 0 2
570 99 99 99 99 99 99 99 99 99 99 99 99 99 99 99 99 99 99 99 99 99 0 1 1 0 1 1 0 1 1 1 1 1 1 1 1 1 1 1 0 0 1 2
571 0 1 0 1 1 1 0 0 1 1 1 1 1 1 1 1 0 1 0 0 0 0 0 0 0 0 0 0 0 0 0 0 0 0 0 0 1 0 0 0 0 0 2
572 0 0 0 0 0 0 0 0 0 0 0 0 0 0 0 1 0 0 0 0 0 0 1 0 1 0 1 0 0 1 0 1 0 1 0 1 0 1 1 0 1 0 2
573 0 1 0 0 1 1 0 0 1 1 1 0 1 1 1 0 0 0 0 1 0 1 1 0 1 1 1 1 0 1 1 1 1 1 1 1 1 1 1 0 1 1 2
574 0 1 0 1 1 1 0 0 1 1 1 1 1 1 0 1 0 1 1 1 0 1 1 1 1 1 1 1 1 1 1 1 1 1 1 1 1 0 1 1 1 1 2
575 1 1 1 1 1 1 1 1 1 1 1 1 1 1 1 1 0 1 0 0 1 1 1 0 0 1 0 0 0 1 1 1 1 1 0 1 1 0 1 0 0 0 1
576 0 1 0 0 0 0 0 1 1 1 1 1 1 1 0 1 0 0 0 0 0 1 1 1 1 1 1 0 1 1 1 1 1 1 1 1 1 0 1 1 1 1 1
577 1 1 1 1 1 1 1 1 1 1 1 1 1 1 1 1 0 1 1 0 1 1 1 0 0 1 0 0 0 0 1 0 0 1 1 1 1 1 1 0 0 1 1
578 1 1 0 1 0 0 0 0 1 1 1 1 0 1 1 1 0 1 0 1 0 0 1 0 1 1 1 1 1 1 1 1 1 1 1 1 0 0 1 1 1 1 1
579 1 1 1 1 1 1 0 1 1 1 1 1 1 0 1 0 0 1 1 1 0 1 0 0 0 1 1 0 0 1 0 1 1 1 0 1 1 0 1 0 0 0 1
580 1 1 0 1 1 1 0 0 1 1 1 1 1 0 1 1 0 1 0 0 0 0 1 0 0 0 1 0 0 1 1 0 1 1 1 0 1 0 1 1 0 0 1
581 1 1 1 0 1 0 0 0 1 1 1 0 1 0 0 1 0 0 0 0 0 1 1 1 0 1 1 1 1 1 1 1 1 1 1 1 0 0 1 1 1 0 1
582 1 1 1 1 1 0 0 1 1 1 1 1 1 1 1 1 0 1 1 1 1 1 1 1 0 1 1 1 1 1 1 1 1 0 1 1 1 1 1 1 1 1 1
583 1 1 1 1 1 1 1 1 1 1 1 1 1 1 1 1 0 1 1 0 1 1 1 1 1 0 1 1 1 1 1 1 1 1 1 1 1 0 1 1 1 1 1
584 1 1 1 1 1 1 1 1 1 1 1 1 1 1 1 1 0 1 1 1 1 0 0 0 1 0 0 1 1 0 1 1 0 1 0 1 1 1 1 0 0 0 1
585 0 0 0 1 1 0 0 0 1 1 1 1 1 0 0 0 0 0 0 0 0 0 0 0 1 0 0 0 1 0 0 0 0 0 0 0 0 0 0 0 0 0 1
586 0 1 1 0 0 1 0 1 1 0 1 1 0 0 0 1 1 0 0 0 0 1 1 1 1 1 1 1 1 1 1 1 1 1 1 1 1 0 1 1 0 1 1
587 0 0 0 1 1 1 1 1 1 1 1 1 1 1 1 1 0 1 0 1 1 0 1 0 1 0 1 0 1 1 0 0 0 1 1 1 1 0 0 0 1 0 1
588 1 1 0 1 0 0 0 0 0 1 1 1 1 0 1 1 0 1 1 1 0 0 1 1 1 1 1 0 0 1 1 1 1 1 0 0 1 0 1 1 0 0 1
589 1 1 0 1 1 0 0 0 1 1 1 0 1 1 1 1 0 1 0 1 0 0 0 0 0 0 1 0 0 1 1 1 1 1 1 0 1 0 1 1 0 0 1
590 0 1 1 1 1 1 0 1 1 1 1 1 1 0 1 1 0 1 1 1 1 0 1 0 0 0 0 0 1 1 1 1 1 1 0 1 0 0 1 0 1 1 1
591 0 0 0 0 0 1 0 1 1 1 1 1 1 0 1 0 0 1 1 1 0 1 1 1 1 1 1 0 1 1 1 1 1 1 1 1 1 0 1 1 1 0 1
592 0 1 0 1 1 1 1 1 1 1 1 1 1 0 1 1 0 1 1 0 1 1 1 0 0 1 1 0 0 1 0 0 1 1 0 0 1 0 0 0 0 0 1
593 0 1 0 0 0 0 0 0 1 1 1 0 0 0 1 1 0 1 1 0 0 1 1 0 0 1 0 0 1 0 1 1 1 1 0 0 1 0 0 0 0 0 1
594 0 0 0 0 1 0 0 0 1 0 1 0 1 0 0 1 0 0 0 0 0 1 1 0 1 1 1 0 0 0 0 1 1 1 1 0 0 0 1 0 0 0 1
595 0 1 0 0 1 1 0 0 1 1 1 1 1 1 1 0 0 1 1 1 0 0 1 1 0 1 1 1 1 1 1 1 1 1 1 1 1 0 1 1 0 1 1
596 0 1 1 0 1 1 0 1 1 0 1 1 1 1 1 1 0 1 0 1 0 0 1 0 1 0 0 0 0 1 1 1 1 1 1 1 1 0 1 1 0 1 1
597 99 99 99 99 99 99 99 99 99 99 99 99 1 1 1 1 0 1 1 1 0 0 1 0 0 0 1 0 1 1 0 1 1 1 0 0 1 0 1 1 0 0 1
598 0 1 0 0 0 1 0 0 1 1 1 1 0 0 0 0 0 1 0 0 0 1 1 1 0 0 0 0 0 1 1 1 1 1 1 1 1 0 1 1 1 0 1
599 1 1 0 0 0 0 0 0 1 1 1 1 1 1 0 1 0 1 1 1 1 1 1 1 1 1 0 0 1 1 1 1 1 1 1 0 1 0 0 0 1 1 1
600 0 0 0 0 0 0 0 0 0 0 0 0 1 1 1 1 0 1 0 1 0 0 1 0 1 0 1 0 0 1 0 1 1 1 0 1 1 0 1 1 1 0 1
601 0 1 0 1 1 1 0 1 1 1 1 1 1 0 1 1 0 1 0 0 0 0 1 0 0 0 0 0 0 0 1 1 0 0 0 0 0 0 1 1 1 0 1
602 0 0 0 0 0 1 0 0 0 0 1 1 0 0 0 0 0 1 0 0 1 0 1 0 0 0 0 0 0 0 1 1 1 1 0 0 0 0 0 0 0 0 1
603 0 1 0 0 0 1 0 1 0 1 1 1 1 0 0 0 0 0 0 0 0 0 1 0 0 1 1 0 1 1 0 1 1 1 1 1 1 0 1 1 0 1 1
604 1 1 0 0 1 1 1 0 1 1 1 1 1 1 0 0 0 1 1 1 0 0 1 0 0 0 0 0 0 0 0 0 0 0 0 0 0 0 0 0 0 0 1
605 0 0 0 0 0 0 0 1 0 0 0 1 0 0 0 0 0 1 0 0 0 0 1 0 0 1 0 0 0 1 1 1 1 1 0 0 1 0 0 0 0 0 1
606 0 1 0 0 0 0 0 0 1 1 1 1 1 1 1 1 0 1 0 0 1 0 1 1 0 1 1 0 1 1 1 1 1 1 0 1 0 0 1 1 1 0 1
607 1 1 0 0 0 1 0 1 1 1 1 1 1 0 1 1 0 1 0 1 0 0 1 0 1 1 1 1 1 1 1 1 1 1 1 0 1 0 1 1 0 1 1
608 1 1 0 0 1 1 1 1 1 1 1 1 1 1 0 0 0 1 1 0 0 0 1 0 1 1 1 0 0 1 1 1 1 1 1 1 1 0 1 1 0 0 1
609 0 1 1 1 0 0 0 0 0 0 0 0 1 0 1 1 0 1 0 0 1 0 1 0 0 0 1 0 0 0 0 1 1 1 0 1 0 0 0 0 0 0 1
610 1 1 0 0 1 1 1 1 0 1 1 0 0 0 0 1 0 1 0 0 0 1 1 1 1 1 1 1 0 1 1 1 1 0 1 1 1 0 1 1 1 1 1
611 1 1 1 1 1 0 0 0 1 1 1 1 0 1 1 1 0 1 1 0 1 1 1 0 1 1 1 0 0 1 1 1 1 1 0 1 1 0 1 0 0 0 1
612 0 1 1 1 1 1 1 1 1 1 1 1 0 1 0 0 0 1 0 0 1 0 1 0 1 0 0 0 0 0 1 1 1 1 0 0 0 0 1 0 0 0 1
613 0 1 0 0 0 0 0 0 1 0 1 1 0 0 0 0 0 1 0 0 0 0 1 0 0 0 1 0 0 0 0 0 1 1 0 1 1 0 1 0 0 0 1
614 0 1 0 0 0 0 0 0 1 0 0 1 1 0 1 0 0 1 0 0 0 1 1 1 1 1 1 1 1 1 1 1 1 1 1 1 0 0 1 1 1 1 1
615 0 1 1 1 1 1 1 0 1 1 1 1 1 0 1 1 0 1 1 0 0 0 1 1 0 1 1 1 1 1 1 1 0 1 1 1 1 0 1 1 1 0 1
616 0 1 0 1 1 1 0 1 1 1 1 1 1 1 1 1 0 1 1 1 1 1 1 0 1 1 0 0 1 0 1 1 1 1 1 1 1 0 1 1 0 1 1
617 1 1 0 1 1 0 0 1 1 1 1 1 1 1 1 1 0 1 1 0 0 1 0 0 0 0 0 0 1 0 1 1 0 1 0 0 0 0 1 0 0 0 1
618 0 0 0 0 1 1 0 0 0 1 1 1 0 0 0 1 0 1 0 0 0 1 1 0 1 0 1 1 1 1 1 1 1 1 1 0 0 0 1 1 1 1 1
619 1 1 0 1 1 1 0 0 1 1 1 1 1 1 0 0 0 1 1 0 1 0 1 1 1 1 1 1 1 1 1 1 1 1 1 1 1 0 1 1 1 1 1
620 1 1 1 1 1 1 1 1 1 1 1 1 1 1 1 1 0 1 1 0 1 1 1 1 1 1 1 1 1 1 1 1 1 1 1 1 1 1 1 1 0 1 1
621 1 1 1 1 1 1 0 1 1 1 1 1 1 1 0 1 0 1 1 0 1 0 1 0 1 1 1 0 1 1 1 1 1 1 0 1 1 0 1 1 0 0 1
622 1 1 0 0 1 0 0 0 0 1 1 1 0 0 0 1 0 1 0 0 0 1 1 0 0 1 0 1 1 0 1 1 1 1 0 0 0 0 1 1 1 1 1
623 0 1 0 0 1 1 1 1 0 1 1 1 1 0 1 0 0 1 1 0 0 1 1 1 1 1 0 0 1 1 1 1 1 1 1 0 1 0 1 1 0 1 1
624 0 1 0 1 1 0 0 0 1 1 1 1 0 1 1 0 0 1 0 0 0 1 1 1 1 1 1 1 1 1 1 1 1 1 1 1 1 1 1 1 1 1 1
625 1 1 1 1 1 0 0 1 1 1 1 1 1 1 0 1 1 1 1 0 1 0 1 0 0 0 1 0 0 1 1 1 1 1 0 1 1 0 1 1 1 0 1
626 0 0 1 0 0 1 0 0 1 1 1 1 1 0 1 1 0 1 1 1 0 1 1 1 1 0 0 0 1 1 1 1 0 1 0 1 1 0 1 1 1 0 1
627 1 1 1 1 1 1 0 1 1 1 1 0 1 1 0 0 0 1 0 0 1 0 1 1 1 1 1 1 1 1 1 1 1 1 1 1 1 0 1 1 0 0 1
628 1 1 1 1 0 1 0 1 0 1 1 0 99 99 99 99 99 99 99 99 99 0 1 0 0 1 1 0 0 0 1 1 1 1 1 1 0 0 1 0 1 0 1
629 0 1 0 0 0 1 1 0 0 0 1 1 1 0 1 0 0 0 0 0 0 1 1 1 1 1 1 0 1 1 0 1 1 1 1 1 1 1 1 1 1 1 1
630 0 1 1 1 1 1 1 1 1 1 1 1 1 1 1 0 0 1 0 0 1 1 1 1 1 1 1 1 1 1 1 1 1 1 1 1 0 0 1 1 1 1 1
631 0 1 1 1 1 1 0 1 1 1 1 1 1 0 1 1 1 1 1 0 1 0 1 1 1 1 1 1 1 1 1 1 1 1 1 1 0 0 1 1 1 1 1
632 1 0 1 1 1 1 0 1 1 1 1 1 1 0 1 0 1 1 1 0 0 0 1 1 1 1 1 1 1 0 1 1 1 1 1 1 1 0 1 1 1 1 1
633 1 1 1 1 1 1 0 1 1 1 1 1 99 99 99 99 99 99 99 99 99 0 1 0 0 1 1 0 0 0 1 1 1 1 1 1 1 0 0 0 0 0 1
634 0 1 0 0 0 0 0 1 0 0 0 0 0 1 0 0 0 0 0 0 0 1 1 0 1 1 1 0 1 1 1 1 1 0 0 1 0 1 1 1 1 1 1
635 1 1 1 0 1 1 0 0 1 1 1 1 1 1 1 1 0 1 1 0 1 0 1 1 0 1 0 0 0 1 1 1 1 1 1 1 0 0 1 0 0 0 1
636 0 1 0 0 1 0 0 0 0 1 1 1 0 0 0 1 0 1 0 0 1 1 1 0 0 1 1 1 0 1 1 1 1 1 1 0 1 0 1 1 0 1 1
637 1 1 0 0 1 1 1 0 1 1 1 1 1 1 1 1 1 1 1 0 1 0 1 1 0 0 1 0 0 0 0 1 1 1 1 0 1 0 0 0 1 0 1
638 0 1 0 0 1 1 0 0 1 0 0 0 1 1 0 0 0 0 0 0 0 0 1 0 1 0 1 0 0 0 0 0 1 0 0 0 0 0 0 0 0 0 1
639 0 0 0 0 0 1 0 0 0 1 1 0 0 0 0 0 0 0 0 0 0 0 0 0 0 0 1 0 0 0 0 0 1 0 0 0 1 0 0 0 1 1 1
640 0 0 0 0 0 1 0 0 0 1 1 0 0 0 1 1 0 1 1 0 0 1 1 0 1 0 1 0 0 1 1 1 0 1 0 1 1 1 1 1 1 0 1
641 0 1 0 0 1 1 0 0 1 1 1 1 1 0 0 1 0 1 0 0 0 1 1 0 1 1 1 1 0 1 1 1 1 1 1 1 1 0 1 1 1 1 1
642 1 1 0 1 1 1 1 1 1 1 1 1 1 1 1 1 0 1 1 0 0 0 1 0 0 1 1 1 0 1 1 1 1 1 0 1 1 0 1 1 1 0 1
643 1 1 0 0 1 0 0 0 1 1 1 1 1 0 1 1 0 1 1 0 0 0 1 0 0 1 0 0 0 1 1 1 0 0 0 1 1 0 1 1 1 1 1
644 0 1 0 0 1 0 0 1 1 1 1 1 1 0 1 0 0 1 1 0 1 1 1 1 1 1 1 1 1 1 1 1 1 0 1 1 0 0 1 1 1 0 1
645 1 1 0 0 1 0 0 1 1 1 1 1 1 1 1 0 0 0 0 0 0 0 1 0 1 1 0 0 0 0 1 1 1 1 0 1 1 0 1 1 1 0 1
646 0 1 0 1 0 0 0 0 1 1 1 1 0 0 1 0 0 1 0 1 0 0 0 0 0 0 0 0 0 1 0 0 1 1 0 1 1 0 0 0 0 0 1
647 0 1 0 1 0 1 0 0 0 0 0 0 0 0 0 0 0 0 0 0 0 0 1 0 0 1 1 0 0 1 1 1 0 1 1 0 0 0 1 0 1 0 2
648 0 1 0 0 0 1 1 1 1 1 1 1 1 0 0 0 0 1 0 0 0 0 1 1 1 1 1 1 0 1 1 1 1 1 0 0 0 0 1 1 1 0 2
649 0 0 0 0 0 1 1 0 1 1 1 1 1 1 1 1 0 0 0 0 0 0 1 1 1 1 1 1 1 1 1 1 1 1 0 1 1 0 1 1 1 1 2
650 0 1 0 1 1 1 1 1 1 1 1 1 1 1 1 1 1 1 1 0 1 1 1 0 1 0 1 1 1 1 1 1 1 0 0 1 1 1 1 1 1 1 2
651 1 1 0 1 1 1 1 0 1 1 1 1 1 0 1 1 0 1 0 0 1 0 1 0 0 0 0 0 1 1 0 0 1 1 0 0 1 0 1 1 0 0 2
652 0 0 0 0 0 0 0 0 1 1 1 1 0 0 1 1 0 1 1 0 0 1 1 1 0 1 1 1 0 1 1 1 1 0 1 0 1 0 1 0 1 0 2
653 0 1 0 0 1 1 0 0 1 0 0 1 1 0 1 0 0 1 1 0 0 0 1 0 0 1 1 1 0 1 1 1 1 0 0 0 1 0 1 1 1 0 2
654 0 1 0 1 0 1 0 0 1 1 1 1 1 1 0 0 0 0 0 0 0 1 1 0 0 1 0 0 0 0 1 1 0 0 1 1 1 0 1 0 0 0 2
655 0 1 0 0 1 1 0 0 1 0 0 1 0 0 1 0 0 1 1 0 0 0 1 0 0 0 1 0 0 0 1 1 0 0 0 0 0 0 0 0 1 0 2
656 0 1 0 0 0 1 1 0 0 1 1 1 0 0 0 0 0 0 0 0 0 1 1 0 0 1 0 0 1 1 1 1 0 1 0 0 1 0 1 0 1 0 2
657 1 0 0 0 1 1 0 0 1 1 1 0 1 0 1 1 0 1 0 0 0 1 1 0 0 1 1 0 0 1 1 1 0 1 1 0 1 0 1 1 1 0 2
658 1 0 0 0 1 0 0 1 1 0 1 1 1 0 1 1 0 1 1 0 0 0 1 0 0 1 1 1 0 1 1 1 1 1 1 1 1 0 1 0 1 0 2
659 0 0 0 0 0 1 1 1 1 1 1 0 0 1 1 1 0 1 1 0 0 0 1 0 0 0 0 0 0 0 1 0 0 1 0 1 1 0 1 0 1 0 2
660 0 1 0 0 0 1 0 0 1 1 1 1 1 0 0 0 0 1 0 0 0 0 0 0 0 0 1 0 0 0 0 0 0 0 0 0 0 0 0 0 0 0 2
661 0 0 0 0 0 0 0 0 0 0 0 1 0 0 0 0 0 0 0 0 0 0 0 0 0 0 1 0 0 0 0 0 1 0 0 0 0 0 1 0 1 0 2
662 0 0 0 0 0 0 0 0 0 0 0 0 1 0 0 0 0 0 0 0 0 0 1 0 1 0 1 0 1 0 1 1 1 99 99 99 99 99 99 99 99 99 2
663 0 0 0 1 0 0 0 0 1 1 1 1 1 0 1 1 0 1 0 0 1 0 1 0 0 1 1 1 0 1 1 1 1 1 0 1 0 0 1 0 0 1 2
664 0 1 0 0 1 1 1 1 1 0 1 1 1 1 1 0 0 1 1 0 1 0 1 1 0 1 0 0 1 1 1 1 1 1 1 1 1 0 1 0 1 1 2
665 1 1 0 0 0 0 0 0 1 1 1 1 1 0 0 1 0 0 0 0 0 0 1 0 0 0 0 0 1 1 1 1 1 1 1 0 1 0 0 0 1 1 2
666 1 1 0 0 0 0 0 1 1 1 1 1 1 1 1 1 0 1 1 1 1 0 1 0 1 1 1 1 1 1 1 1 1 1 1 1 1 1 1 1 1 1 2
667 0 1 0 1 1 1 0 1 1 1 1 1 1 1 1 0 0 1 1 1 1 1 1 1 1 1 1 1 1 1 1 1 1 1 1 1 1 0 1 1 1 0 2
668 0 1 0 1 0 1 0 1 1 1 1 1 1 1 0 1 0 1 0 0 1 1 1 0 0 1 1 0 0 1 1 1 1 1 1 0 1 0 1 1 1 1 2
669 0 1 1 0 0 0 0 0 1 1 0 1 1 1 0 1 0 1 0 1 0 0 1 1 1 0 1 0 1 1 1 1 1 1 0 1 1 0 1 1 1 0 2
670 0 1 1 1 0 1 0 0 1 1 1 1 1 0 0 0 0 1 1 0 0 1 1 1 1 1 1 1 1 1 1 1 1 1 1 1 1 0 1 0 0 0 2
671 0 1 1 0 0 1 1 1 0 1 1 1 1 1 1 1 0 0 0 0 0 1 1 0 1 1 1 1 1 1 1 1 1 1 1 1 1 1 1 1 1 1 2
672 1 1 1 0 1 1 1 1 1 1 1 1 1 0 1 1 0 1 1 0 1 1 1 0 1 1 1 1 1 1 1 1 1 1 1 0 0 0 1 1 0 0 2
673 0 1 0 0 1 1 0 0 1 1 1 1 1 0 1 0 0 1 1 0 0 1 1 1 1 1 1 1 1 1 1 1 1 1 1 1 1 1 1 1 0 1 2
674 0 1 0 1 1 1 1 1 1 1 1 1 1 1 1 1 0 1 0 0 0 1 1 1 0 1 1 0 1 1 1 1 1 1 1 1 1 0 1 1 1 1 2
675 0 1 1 1 1 1 0 1 1 1 1 1 1 1 0 1 0 1 1 1 0 0 1 0 1 1 0 0 1 1 1 1 1 1 1 0 1 0 1 1 1 1 2
676 0 0 0 0 0 1 0 0 1 1 1 1 1 1 0 0 0 1 1 1 0 1 1 1 1 1 1 1 1 1 1 1 1 1 1 1 1 1 1 1 1 1 2
677 0 1 0 1 1 1 1 0 1 1 1 1 1 1 1 1 0 1 0 0 1 1 1 1 0 1 1 1 1 1 1 1 1 1 1 1 1 1 1 1 1 1 2
678 0 1 0 0 0 1 0 0 1 1 1 1 1 1 1 0 0 1 0 1 1 0 1 0 1 1 1 1 1 1 1 1 1 1 1 1 1 0 1 1 1 0 2
679 0 1 0 0 0 1 0 1 1 1 1 1 1 1 0 1 0 0 0 0 0 0 1 0 0 1 1 1 1 0 1 1 1 1 0 1 1 0 1 1 1 0 2
680 0 1 1 0 1 0 0 0 0 1 1 1 1 0 1 0 0 1 1 1 1 0 1 0 0 1 1 1 1 1 1 1 1 1 1 1 0 0 1 1 1 0 2
681 0 1 0 0 0 1 0 1 1 0 1 1 0 0 0 0 0 0 0 0 0 1 1 0 0 0 0 0 0 1 1 1 0 1 0 0 1 0 1 0 1 0 2
682 0 1 0 0 0 1 0 1 0 0 1 1 0 0 0 0 0 1 0 1 0 1 1 0 0 1 1 1 1 1 1 1 1 1 1 1 1 0 1 1 0 1 2
683 1 0 0 0 1 1 0 0 1 1 1 1 1 1 1 0 0 1 1 1 0 0 0 0 1 1 1 1 0 1 1 1 1 1 1 1 0 1 1 1 0 1 2
684 0 0 0 1 1 1 1 1 0 1 1 1 1 1 1 1 0 1 0 0 1 0 1 0 0 1 1 1 0 1 1 1 0 0 0 0 1 0 1 0 1 1 2
685 0 1 0 1 1 1 1 0 1 0 0 1 0 0 1 1 0 0 0 0 1 0 1 0 0 0 0 0 0 1 1 1 1 1 1 1 1 0 1 1 0 1 2
686 0 1 0 0 1 0 0 0 1 1 1 1 1 1 1 1 0 1 0 1 1 1 1 0 1 1 1 1 0 1 1 1 1 1 1 1 1 1 1 0 1 1 2
687 1 1 0 1 1 1 1 1 1 1 1 1 1 1 0 0 0 1 0 0 1 0 1 0 0 0 0 0 1 1 1 1 1 1 0 1 0 0 1 1 1 1 2
688 1 1 0 0 0 1 0 0 0 1 1 1 1 1 1 1 0 1 0 0 0 1 1 1 1 1 1 1 0 1 1 1 1 1 0 1 1 1 1 1 1 1 2
689 0 1 1 1 1 1 1 0 1 1 1 1 1 1 1 1 0 1 1 1 0 0 0 0 0 1 0 0 0 1 1 1 1 1 1 0 0 0 1 0 1 0 2
690 0 1 0 0 1 0 0 0 1 1 1 1 1 1 0 0 0 1 0 1 0 0 1 0 0 1 0 0 0 1 1 1 1 0 1 0 1 1 1 1 1 1 2
691 0 1 0 0 1 0 0 0 1 1 1 1 1 0 1 1 0 1 0 1 0 1 0 0 0 1 0 0 0 1 1 1 1 1 0 1 0 0 0 0 0 0 2
692 0 0 0 0 0 0 0 0 0 0 0 1 0 0 1 0 0 0 0 0 0 1 1 1 0 0 0 0 1 1 1 1 1 1 1 1 1 1 1 1 1 1 2
693 0 1 1 1 1 1 1 1 1 1 1 1 1 1 1 1 1 1 1 0 0 1 1 0 0 1 1 0 0 1 0 1 0 1 1 0 1 0 1 0 0 1 2
694 0 1 0 0 1 1 1 0 0 1 1 1 1 1 1 1 0 0 0 1 0 0 1 0 1 1 1 1 1 1 1 1 1 1 0 1 1 1 1 1 1 1 2
695 0 0 0 0 1 1 1 1 1 1 1 1 1 1 1 1 0 1 0 0 1 1 1 1 0 1 0 0 0 1 1 1 1 1 1 1 0 1 1 1 0 1 2
696 0 0 0 0 1 1 0 0 1 1 1 1 1 1 1 1 0 1 0 0 0 1 1 1 0 1 0 0 0 1 1 1 1 1 1 1 1 1 1 1 1 1 2
697 0 0 0 0 1 1 0 0 1 1 1 1 1 1 1 1 1 1 1 1 1 0 1 0 0 0 0 0 0 1 1 1 1 1 1 0 1 0 1 1 1 0 2
698 0 1 0 0 0 1 0 0 1 1 1 1 1 1 1 1 0 1 1 1 0 0 1 0 0 0 1 0 0 1 1 1 1 0 0 1 1 0 1 0 0 0 2
699 0 1 0 0 0 0 1 0 1 1 1 1 1 0 1 1 0 1 1 1 1 1 1 0 0 1 1 0 0 1 1 1 1 1 0 1 1 0 1 1 0 0 2
700 0 0 0 0 0 1 0 0 0 1 1 1 1 0 0 1 0 1 0 0 0 1 1 0 1 1 1 0 1 1 1 0 0 0 1 1 1 0 1 0 1 1 2
701 1 1 0 1 1 1 0 1 1 1 1 1 1 1 1 1 0 1 0 1 1 0 1 0 1 1 1 0 0 1 1 1 1 1 0 1 0 1 1 0 0 1 2
702 0 1 0 1 0 1 0 1 1 1 1 1 1 0 1 1 0 1 1 0 0 1 1 1 1 1 1 1 1 1 0 1 0 0 1 1 1 0 1 1 1 1 2
703 1 1 0 0 1 1 1 1 1 1 1 1 1 1 0 1 0 1 0 0 1 1 1 1 0 1 1 1 1 1 0 1 0 1 1 0 1 1 1 0 1 1 2
704 0 1 0 0 1 1 1 1 1 1 1 0 1 1 0 1 0 1 1 0 0 1 1 0 1 1 1 0 1 1 1 1 1 1 1 1 1 0 1 0 1 1 2
705 1 1 0 0 1 1 0 0 1 0 1 1 1 1 0 0 0 0 0 0 0 1 1 1 1 1 1 1 1 0 1 1 1 1 1 1 0 1 1 0 1 1 2
706 0 1 1 0 1 1 1 1 1 1 1 1 1 1 1 0 0 1 1 1 0 1 1 0 1 0 0 0 1 1 1 1 1 1 1 0 0 1 1 1 1 1 2
707 0 1 0 1 0 1 1 1 1 1 1 1 1 0 1 1 0 1 1 1 0 1 1 0 1 1 1 1 1 1 1 1 1 1 1 1 1 1 1 1 1 1 2
708 1 1 1 1 1 1 0 1 1 1 1 1 1 1 1 1 0 1 0 0 0 1 1 0 1 1 1 1 1 1 1 1 1 1 1 1 1 0 1 1 1 1 2
709 0 1 0 0 1 1 1 1 1 1 1 1 0 0 1 1 0 1 1 0 1 1 1 0 1 0 0 0 1 1 1 1 1 1 1 1 1 1 1 1 1 1 2
710 1 1 0 0 1 1 1 1 1 0 1 1 1 1 1 1 0 1 0 0 1 1 1 0 1 1 0 0 0 1 1 1 1 1 0 1 1 1 1 0 1 1 2
711 0 1 1 1 1 0 0 0 1 1 1 1 1 0 1 1 0 0 0 1 0 1 1 0 1 1 1 0 1 1 1 1 1 1 1 1 1 1 1 1 1 1 2
712 1 1 1 0 1 1 1 0 1 1 1 1 1 1 1 1 0 1 0 0 1 1 1 1 1 1 1 1 1 1 1 1 1 1 1 1 1 0 1 1 1 1 2
713 0 1 0 1 1 1 0 1 1 1 1 1 1 1 1 0 0 0 0 0 1 1 1 1 1 0 1 0 1 1 1 1 1 1 1 1 1 0 1 1 1 1 2
714 0 1 1 0 0 1 0 1 1 1 1 1 1 1 0 1 0 0 0 1 0 1 1 1 0 0 1 0 1 1 1 1 1 1 1 1 1 0 1 0 1 1 2
715 1 0 0 0 1 1 0 1 1 1 1 1 0 1 1 1 0 1 0 0 1 1 1 1 0 1 1 1 1 1 1 1 1 1 1 1 1 0 1 1 1 1 2
716 0 0 0 0 0 1 0 1 1 0 0 0 0 1 1 1 0 1 1 0 0 1 1 1 1 0 0 0 0 1 1 1 1 1 1 1 1 0 1 1 1 1 2
717 0 1 1 1 1 0 0 0 1 1 1 1 0 1 1 1 0 1 0 0 0 1 1 0 1 1 1 0 1 1 1 1 1 1 1 1 1 1 1 1 1 1 2
718 1 1 1 1 1 1 1 0 1 0 1 1 0 0 1 0 0 0 0 0 0 0 1 0 1 1 1 1 1 1 1 1 1 1 0 1 1 0 1 0 1 0 2
719 0 0 0 1 1 1 1 0 1 1 1 1 0 1 0 1 0 0 0 0 1 1 1 1 1 1 1 1 1 1 1 1 1 1 1 1 1 1 1 1 1 1 2
720 0 1 0 0 1 1 1 1 1 1 1 0 0 1 1 1 0 1 0 1 1 1 1 1 1 1 1 1 1 1 1 1 1 1 1 1 0 1 1 0 1 1 2
721 1 1 1 1 1 1 1 1 1 1 1 1 1 1 1 1 0 1 0 0 1 1 1 1 1 1 1 1 1 0 1 1 1 1 1 1 1 0 1 1 1 1 2
722 0 1 0 1 1 1 0 1 1 1 1 1 1 1 1 1 0 1 1 0 0 1 1 0 1 1 1 1 0 1 1 1 1 1 1 1 0 0 0 0 0 1 2
723 0 1 0 1 1 1 1 0 1 1 1 1 1 1 1 0 0 1 1 0 1 0 0 0 0 0 0 0 0 0 0 0 0 0 0 0 0 0 1 1 1 0 1
724 0 0 0 0 0 0 0 0 0 0 1 0 0 0 0 0 0 0 0 0 0 1 1 1 1 1 1 0 1 1 1 1 1 1 1 1 0 0 1 0 1 0 1
725 1 1 1 1 0 1 0 1 1 1 1 1 1 1 1 1 0 1 1 1 0 1 1 1 1 1 1 1 1 1 1 1 1 1 1 1 1 0 1 1 1 0 1
726 0 1 1 1 1 1 0 1 1 1 1 0 1 1 1 0 0 1 1 0 1 1 1 1 1 1 1 1 0 1 1 1 1 0 0 0 1 0 1 0 0 0 1
727 0 0 0 0 0 1 1 0 0 0 0 1 1 0 1 1 0 1 1 0 0 0 1 1 1 1 0 0 1 1 1 1 1 1 1 1 0 0 1 0 1 0 1
728 0 1 1 0 1 1 0 0 1 1 1 1 1 1 1 0 0 1 0 0 0 1 1 1 1 1 1 1 1 1 1 1 1 1 1 1 1 0 1 1 1 1 1
729 1 1 1 1 1 1 1 1 1 1 1 1 1 1 1 1 0 1 1 0 1 1 1 1 1 1 1 1 1 1 1 1 1 1 1 1 1 1 1 0 1 0 1
730 1 1 1 1 1 1 1 1 1 0 0 0 1 1 1 1 0 1 1 1 1 1 1 1 1 1 1 1 1 1 1 1 1 1 1 0 1 0 1 1 0 0 1
731 0 1 0 1 1 1 1 0 1 0 0 1 1 0 0 1 0 1 1 0 0 1 1 1 1 1 0 0 1 1 1 1 1 0 1 1 1 1 1 1 1 1 1
732 1 1 1 1 1 1 1 1 1 1 1 1 1 0 1 1 0 1 0 1 1 0 1 0 1 1 0 0 0 0 1 1 1 1 1 1 1 0 1 1 1 0 1
733 0 1 0 0 0 1 0 0 1 1 1 1 1 0 0 1 0 1 1 0 0 1 1 1 1 1 1 1 1 1 1 1 1 1 1 1 1 0 1 1 1 1 1
734 1 1 1 1 1 1 0 1 1 1 0 1 1 1 1 1 0 1 1 1 1 0 1 0 0 1 0 0 0 1 1 1 1 1 0 0 1 0 1 1 0 0 1
735 1 1 0 1 0 1 0 0 0 0 1 1 1 0 0 0 0 0 0 0 0 1 1 0 1 1 1 1 1 1 0 0 0 0 0 0 1 0 1 0 1 0 1
736 1 1 1 1 1 1 1 1 0 1 1 1 1 1 1 1 0 1 0 1 0 1 1 1 1 1 0 0 1 1 1 1 1 1 1 0 0 0 1 0 0 0 1
737 1 1 1 1 1 0 0 1 1 1 1 1 1 0 1 1 0 1 1 1 0 0 1 0 0 1 1 1 1 0 1 1 0 1 0 0 1 0 1 0 1 0 1
738 1 1 0 0 0 0 0 0 1 1 1 1 1 1 1 0 0 1 0 0 0 1 1 0 1 1 1 0 1 1 1 1 1 1 1 1 1 0 1 1 1 0 1
739 1 1 0 0 1 0 0 1 1 1 1 1 1 1 0 1 0 0 0 0 1 0 1 1 1 0 1 0 0 1 1 1 1 1 1 0 1 0 1 0 0 0 1
740 0 1 1 0 0 1 0 0 1 1 1 1 1 0 0 0 0 0 0 0 0 0 1 0 0 0 0 0 0 0 1 1 0 0 0 1 0 0 0 0 0 0 1
741 0 1 0 0 0 1 0 0 0 0 1 1 1 0 0 0 0 1 0 0 0 0 1 0 0 1 1 1 0 1 1 1 1 1 1 0 1 0 1 1 1 0 1
742 0 1 0 0 1 1 0 0 1 1 1 1 1 0 0 0 0 0 0 0 0 0 1 1 0 1 1 0 0 1 0 1 0 1 0 0 1 0 1 0 1 0 1
743 0 1 1 0 0 0 0 0 0 0 1 1 1 0 1 1 0 0 0 0 0 0 0 0 0 1 0 0 0 0 0 1 0 0 0 0 1 0 0 0 0 0 1
744 0 0 0 0 0 1 0 0 1 0 0 1 0 0 0 0 0 0 0 0 0 0 1 0 1 0 1 0 0 0 1 1 0 0 0 1 1 0 1 0 0 0 1
745 0 1 0 0 0 0 0 0 1 0 1 1 0 0 0 1 0 1 0 0 0 0 1 0 0 0 1 0 0 1 1 1 1 1 0 1 1 0 1 0 1 1 1
746 0 1 0 1 0 0 0 1 0 0 0 1 1 0 0 1 0 0 0 0 0 0 0 0 0 0 0 0 0 0 0 0 0 0 0 0 0 0 0 0 0 0 1
747 0 0 0 0 0 1 0 0 0 0 0 0 0 0 0 0 0 0 0 0 0 0 1 1 1 1 1 1 1 1 1 1 1 1 0 1 1 0 0 0 0 0 1
748 0 1 0 0 0 1 1 1 1 0 1 1 1 0 1 1 0 0 0 0 0 0 1 0 0 0 0 0 0 1 1 1 1 1 0 0 1 0 1 1 0 0 1
749 0 1 0 0 0 0 0 1 1 1 1 1 1 0 1 1 0 0 0 0 0 0 0 0 0 0 0 0 0 0 0 0 0 0 0 0 0 0 0 0 0 0 1
750 0 0 0 0 0 1 0 0 0 0 1 0 0 0 0 0 0 0 0 0 0 1 1 1 0 1 1 0 1 0 1 0 1 1 0 1 0 0 1 1 1 0 1
751 1 1 0 1 1 0 0 1 1 0 0 0 1 1 0 1 0 1 0 0 1 1 0 0 0 0 0 0 1 0 1 1 1 1 0 0 0 0 1 0 1 0 1
752 0 0 0 0 0 1 0 1 1 0 1 1 1 1 1 0 0 0 0 0 0 1 1 0 0 1 1 0 1 1 1 1 1 1 1 1 1 0 1 0 1 0 1
753 0 1 0 1 1 1 1 1 1 1 1 1 0 0 1 1 0 1 0 0 1 0 1 0 1 1 0 0 1 1 1 1 1 1 0 1 1 0 1 0 1 0 1
754 99 99 99 99 99 99 99 99 99 99 99 99 1 0 1 1 0 0 0 0 0 99 99 99 99 99 99 99 99 99 99 99 99 1 0 1 1 0 0 0 0 0 1
755 0 1 0 0 1 1 1 0 0 1 1 1 1 0 0 1 0 1 0 0 0 0 0 0 0 1 0 0 0 1 1 1 1 1 0 0 1 0 1 0 1 0 1
756 0 1 0 1 1 0 0 0 1 1 1 1 99 99 99 99 99 99 99 99 99 0 0 0 0 1 1 1 0 1 1 1 1 1 0 0 1 0 1 1 0 0 1
757 0 0 0 0 1 1 1 1 1 1 1 1 0 0 0 1 0 1 1 0 0 0 1 0 0 1 1 0 1 1 1 1 0 0 0 0 1 0 0 0 0 1 1
758 0 0 0 0 1 1 0 1 1 0 0 1 0 0 0 1 0 0 0 0 0 1 0 0 0 0 0 0 1 0 1 1 0 0 0 0 0 0 0 0 0 0 1
759 0 0 0 0 0 1 0 1 0 0 0 0 0 0 0 1 0 1 1 0 0 0 1 0 0 1 0 0 0 1 1 1 1 1 1 1 1 0 1 1 0 1 1
760 0 1 0 0 1 1 1 1 1 1 1 1 1 1 1 1 0 1 1 0 0 1 1 1 1 1 1 0 1 1 1 1 1 1 1 1 1 0 0 0 1 1 1
761 0 1 0 0 1 0 0 1 0 0 1 1 99 99 99 99 99 99 99 99 99 0 1 0 0 1 1 0 0 1 1 1 1 1 1 1 1 0 1 0 1 0 1
762 0 1 0 0 1 0 0 0 1 1 1 1 1 0 0 0 0 0 0 0 0 1 1 0 1 1 1 1 1 1 1 1 0 1 0 1 1 0 0 0 0 1 1
763 0 1 1 1 1 1 1 1 1 0 1 1 0 1 1 1 0 1 1 1 1 0 1 0 0 1 1 0 0 1 0 1 1 1 0 0 0 0 1 0 1 1 1
764 0 0 0 1 1 1 0 1 1 1 1 1 99 99 99 99 99 99 99 99 99 99 99 99 99 99 99 99 99 99 99 99 99 1 1 1 0 0 0 0 0 0 1
765 0 1 0 1 1 1 0 1 1 1 1 1 1 1 1 0 0 1 0 0 0 0 1 0 0 1 1 1 1 1 0 0 1 1 0 0 0 0 0 0 0 0 1
766 0 1 0 0 1 0 1 1 0 1 0 1 1 0 0 0 0 1 0 0 0 0 1 0 0 1 1 0 0 1 1 1 1 1 1 1 1 0 0 0 0 0 1
767 0 1 0 0 0 1 0 0 1 1 1 1 1 0 0 0 0 0 0 0 0 0 1 1 1 1 1 1 1 1 1 1 1 1 1 1 1 0 1 1 0 0 1
768 0 1 1 1 1 1 0 0 1 1 1 1 1 0 1 1 0 1 1 1 0 1 1 0 1 1 1 0 1 1 1 1 1 1 1 1 1 0 1 0 1 1 1
769 0 1 0 0 1 1 0 1 1 1 1 1 1 1 1 1 0 1 0 1 0 1 1 0 1 1 1 0 0 1 1 1 1 1 0 0 1 0 1 0 0 0 1
770 1 1 0 1 1 1 0 0 1 1 1 1 1 0 1 1 0 0 0 0 0 0 1 0 1 1 1 0 0 1 1 1 1 1 1 1 1 0 1 1 0 0 1
771 1 1 1 0 1 1 1 1 0 1 1 1 1 1 1 1 0 0 0 0 0 1 1 0 0 1 1 1 0 1 1 1 1 1 1 1 1 0 1 1 1 1 1
772 0 1 0 0 1 1 1 1 1 1 0 0 1 1 1 0 0 1 0 0 0 0 1 0 0 1 1 1 1 1 1 1 1 1 1 1 1 0 1 1 0 0 1
773 0 1 0 0 1 0 0 0 0 1 1 1 0 0 1 0 0 1 0 1 0 1 1 0 1 1 1 1 0 1 1 1 1 1 1 1 1 0 0 0 1 0 1
774 1 1 0 1 1 1 1 0 1 1 1 1 0 1 1 1 0 1 1 0 0 0 1 0 1 1 1 0 1 1 1 1 1 1 1 1 1 0 0 0 1 0 1
775 0 1 0 0 0 0 0 0 1 1 1 1 1 1 0 1 0 1 1 0 0 1 1 0 1 1 1 1 1 1 1 1 1 1 1 0 1 1 1 1 0 1 1
776 1 1 1 1 1 1 1 1 1 1 1 1 1 1 1 1 0 1 1 0 1 1 1 1 1 1 1 0 1 1 1 0 1 1 1 1 1 0 1 1 1 0 1
777 0 0 1 0 1 0 0 0 1 1 1 0 1 0 1 1 0 1 1 0 0 0 0 0 1 0 0 0 0 1 1 1 1 0 0 0 0 0 0 0 0 0 1
778 1 1 0 0 0 1 0 0 0 1 1 0 0 0 0 0 0 0 0 0 0 0 0 0 0 1 0 0 0 1 1 1 0 0 0 0 0 0 1 0 0 0 1
779 0 0 0 0 0 0 0 0 0 0 0 0 0 0 0 0 0 0 0 0 0 1 1 1 1 1 1 0 1 1 1 1 1 1 1 1 1 1 1 1 1 1 1
780 0 1 0 1 1 1 1 0 1 1 1 1 1 1 1 1 1 1 0 0 0 1 1 1 1 1 1 1 1 1 1 1 1 1 1 1 1 1 1 1 1 1 2
781 1 1 1 1 1 1 1 1 1 1 1 1 1 1 1 1 0 1 1 0 1 1 1 1 1 1 1 1 1 1 1 1 1 1 1 1 1 0 1 0 1 1 2
782 1 1 0 1 1 1 0 1 1 1 1 1 1 1 0 1 0 1 0 0 0 1 1 1 1 1 1 1 1 1 1 1 1 1 0 1 1 1 1 1 1 1 2
783 1 1 0 1 1 1 1 1 1 1 1 1 0 1 1 0 0 1 0 1 1 1 1 0 1 1 1 1 1 1 1 1 1 1 1 1 0 0 1 1 1 1 2
784 1 1 1 0 1 0 0 1 1 1 1 1 1 1 0 0 0 1 0 0 0 1 0 0 1 0 0 0 1 1 1 1 0 1 1 1 1 1 1 0 1 1 2
785 0 1 1 1 1 1 0 1 1 1 1 0 1 1 1 1 0 0 0 0 0 1 1 1 1 1 1 1 1 1 1 1 0 0 1 1 0 0 1 1 1 1 2
786 1 1 1 1 1 1 1 1 1 1 1 1 1 1 1 1 1 1 1 0 1 1 1 1 1 1 0 0 1 0 1 1 1 1 1 1 1 0 1 1 1 1 2
787 1 1 1 1 1 1 0 1 1 1 1 1 1 0 0 1 0 1 1 0 0 0 1 1 0 1 1 1 1 1 1 0 1 1 0 1 1 1 1 1 1 1 2
788 0 1 1 1 1 1 0 1 1 1 1 1 1 1 1 1 0 1 1 0 0 1 1 0 1 0 0 0 1 1 1 1 1 1 1 1 1 1 1 1 1 1 2
789 1 1 1 1 1 1 0 0 1 1 1 1 1 1 1 1 0 1 0 0 0 1 1 1 1 1 1 1 1 1 1 1 1 1 1 1 1 1 1 1 1 1 2
790 1 1 1 1 1 1 1 1 1 1 1 1 1 1 1 1 0 1 1 1 1 1 1 1 1 1 1 1 1 1 1 1 1 1 1 0 1 0 1 1 1 1 2
791 0 1 1 1 1 1 1 1 1 1 1 1 1 1 1 1 0 1 1 1 1 1 1 1 1 1 1 1 1 1 1 1 1 1 1 1 1 1 1 1 1 1 2
792 1 1 0 1 1 1 1 0 1 1 1 1 1 1 1 1 0 1 1 0 0 1 1 1 1 1 1 1 1 1 1 1 1 1 1 1 1 1 1 1 0 1 2
793 1 1 1 1 1 1 0 0 1 1 1 1 1 1 1 1 0 1 0 0 1 1 1 0 1 1 1 1 1 1 1 1 1 1 1 1 1 1 1 1 1 1 2
794 0 1 0 1 1 1 1 1 0 0 1 1 1 0 1 1 0 1 1 0 1 1 1 1 1 1 1 1 1 1 1 1 1 1 1 1 1 1 1 1 1 0 2
795 1 1 1 1 1 1 1 1 1 1 1 1 1 1 1 1 0 1 0 1 1 1 1 1 1 1 1 0 0 1 1 1 1 1 1 1 0 1 1 1 1 0 2
796 0 1 0 1 1 1 1 0 1 1 1 1 1 1 0 0 0 1 1 0 0 1 1 0 1 1 0 0 0 1 1 1 1 1 0 1 1 0 1 1 0 0 2
797 0 1 0 1 1 1 0 1 1 0 0 0 1 0 1 1 0 1 1 0 0 1 1 1 1 1 1 1 1 1 1 1 1 0 1 1 0 0 1 0 1 0 2
798 0 1 0 0 0 1 1 1 0 0 0 1 1 0 0 1 0 0 0 0 0 1 1 1 1 1 1 1 1 1 1 1 1 1 1 1 0 1 1 1 1 1 2
799 1 1 1 1 1 1 0 1 1 1 1 1 1 1 1 0 0 1 1 0 1 1 1 0 1 1 1 1 1 1 1 1 1 1 0 1 1 1 1 1 1 1 2
800 1 1 0 1 1 0 0 0 1 1 1 1 1 1 1 1 0 0 0 0 1 1 1 1 1 1 1 1 1 1 1 1 1 1 1 1 1 1 1 1 1 1 2
801 1 1 1 1 1 1 1 1 0 1 1 1 1 1 1 0 1 1 1 0 1 0 1 0 1 1 1 0 0 1 1 1 1 1 1 1 1 0 1 0 0 1 2
802 0 1 1 1 1 1 1 0 0 1 1 1 1 0 1 1 0 1 1 0 0 1 1 1 1 1 1 1 1 1 1 1 1 1 1 1 1 1 1 1 1 1 2
803 1 1 1 1 1 1 1 0 1 1 1 1 1 1 0 0 0 1 1 0 0 1 1 0 0 1 0 0 1 1 1 1 1 1 0 1 1 0 1 1 1 0 2
804 0 1 0 0 0 0 0 0 0 0 0 0 1 0 1 0 0 1 1 0 0 1 1 1 1 1 1 1 1 1 1 1 1 1 1 1 1 1 1 1 1 1 2
805 1 1 1 0 0 1 0 1 0 1 1 1 1 1 1 1 0 0 0 0 0 1 1 1 1 1 1 1 1 1 1 1 1 1 1 1 1 1 1 1 1 1 2
806 0 1 1 0 1 1 0 1 1 1 1 0 1 1 0 1 0 1 1 0 1 0 1 0 0 0 0 0 0 1 1 1 0 0 0 0 0 0 0 0 1 0 2
807 0 1 0 0 0 1 0 1 0 0 0 0 0 0 0 0 0 0 0 0 0 1 1 1 0 1 1 1 1 1 1 1 1 1 0 1 1 0 1 1 0 1 2
808 0 1 0 0 1 1 0 0 0 1 1 0 0 0 0 1 0 0 0 0 0 0 1 1 0 1 1 1 1 1 1 1 1 1 1 1 1 0 1 0 1 1 2
809 0 1 0 0 0 1 1 1 1 0 1 1 1 0 1 1 0 1 1 0 0 0 1 0 0 1 1 1 1 1 1 1 0 1 1 1 1 0 1 0 1 1 2
810 0 0 0 0 0 1 0 0 1 0 1 1 1 0 0 0 0 1 1 0 0 1 1 0 1 1 1 1 1 0 1 1 1 1 1 1 1 0 1 1 1 1 2
811 0 1 1 1 1 1 1 1 1 1 1 1 0 0 0 0 0 0 0 0 0 1 1 0 1 1 1 1 1 1 1 1 0 1 1 1 1 0 1 1 1 0 2
812 0 1 0 1 1 1 0 0 1 1 1 1 1 0 1 1 0 1 1 1 0 0 1 0 1 1 1 1 1 0 1 1 1 0 0 1 0 0 1 0 0 0 2
813 0 1 0 1 1 1 1 0 0 0 1 1 0 0 0 0 0 0 0 0 0 1 0 1 1 1 0 0 0 1 1 1 1 1 1 0 1 0 1 0 0 1 2
814 0 1 0 0 0 0 0 0 0 1 0 1 0 0 0 0 0 0 0 0 1 0 1 0 0 1 1 0 1 0 1 1 1 1 1 1 0 0 1 1 1 1 2
815 0 0 0 1 0 0 0 0 1 0 0 0 1 0 0 1 0 1 0 0 0 0 1 0 1 1 0 0 0 1 1 1 1 1 0 1 1 1 1 0 1 1 2
816 0 1 0 0 0 1 0 0 1 1 1 0 0 0 0 1 0 0 0 0 0 1 1 1 1 1 1 1 1 1 1 1 1 1 1 0 1 1 1 1 1 1 2
817 1 1 1 1 1 1 1 1 1 1 1 1 1 1 0 0 0 1 1 1 1 1 1 0 1 1 1 0 0 1 0 1 1 1 0 0 1 1 1 1 1 0 2
818 0 1 0 1 1 0 0 1 1 0 1 1 1 0 0 0 0 1 0 0 0 0 1 1 1 1 1 1 0 1 1 1 1 1 0 0 1 0 1 1 0 0 2
819 0 1 0 1 1 1 1 1 0 0 0 1 1 0 1 0 0 1 1 0 0 0 1 0 0 0 1 0 0 1 1 1 1 1 0 0 1 0 1 1 0 0 2
820 0 0 0 0 0 0 0 0 0 0 1 1 1 0 1 0 0 0 0 0 0 0 1 0 0 1 0 0 1 1 1 1 0 1 0 1 0 0 1 0 0 1 2
821 0 0 0 0 0 0 0 0 1 1 1 0 1 1 1 1 0 1 1 0 0 1 1 1 1 1 1 1 1 1 1 1 1 1 1 1 1 1 1 1 1 1 2
822 0 1 1 1 1 1 1 1 1 1 1 1 1 1 1 1 1 1 0 0 0 0 1 0 1 1 1 1 0 1 1 1 1 1 1 1 1 0 1 1 1 1 2
823 0 1 0 1 1 1 1 1 0 1 1 0 1 1 1 0 0 1 0 0 0 1 0 0 0 1 1 1 0 1 1 1 1 1 1 1 1 0 1 1 0 0 2
824 0 0 0 0 0 1 0 1 0 1 1 1 0 1 0 1 0 0 0 0 0 1 1 0 0 1 0 0 0 0 1 1 1 1 0 0 1 0 1 0 1 1 2
825 0 1 0 0 0 0 0 0 0 0 1 1 1 1 0 0 0 0 0 0 0 0 1 1 0 0 0 0 1 1 1 1 0 0 1 1 1 0 1 1 0 0 2
826 0 1 1 0 0 1 0 0 1 1 1 1 0 0 0 0 0 0 0 0 0 1 1 1 1 1 1 1 0 1 1 1 1 1 1 0 1 0 1 0 1 1 2
827 0 1 0 1 0 1 0 0 1 1 1 1 1 1 1 1 0 1 1 0 0 1 1 0 1 1 1 1 1 1 1 1 1 1 1 1 1 1 1 1 0 0 2
828 1 0 0 1 1 1 0 1 1 1 1 1 1 0 1 1 1 1 1 0 0 0 1 0 0 0 0 0 0 0 0 0 1 1 0 0 0 0 0 0 0 0 1
829 0 1 0 0 1 1 1 1 1 1 1 1 1 0 0 1 0 0 0 0 0 0 1 0 1 1 1 1 1 0 1 1 1 1 0 1 1 0 0 0 0 0 1
830 1 1 0 1 1 1 1 0 1 1 1 1 1 0 1 0 0 0 0 0 0 99 99 99 99 99 99 99 99 99 99 99 99 99 99 99 99 99 99 99 99 99 1
831 0 1 0 0 1 0 0 0 0 1 1 1 1 0 0 1 0 1 0 0 0 0 0 0 0 0 0 0 0 0 0 0 1 0 0 0 0 0 1 1 0 0 1
832 0 0 0 1 0 1 0 0 0 0 0 1 1 0 0 0 0 0 0 0 0 0 1 0 0 0 0 0 1 0 1 1 1 1 0 0 0 0 1 0 1 0 1
833 0 0 0 0 0 1 1 0 1 1 1 1 1 0 1 1 0 1 1 1 0 0 1 1 1 1 1 0 1 1 0 1 1 0 0 0 1 0 0 0 0 0 1
834 1 1 1 0 0 1 0 0 1 1 1 1 1 1 0 1 0 1 1 1 1 0 1 0 0 1 1 0 1 1 0 0 1 1 0 1 1 0 0 0 0 0 1
835 0 0 0 0 0 0 0 0 0 1 1 0 1 1 1 1 0 0 0 0 0 99 99 99 99 99 99 99 99 99 99 99 99 99 99 99 99 99 99 99 99 99 1
836 0 1 0 1 0 1 0 0 0 0 0 1 1 0 0 1 0 1 0 0 1 0 0 0 0 0 0 0 1 1 1 1 0 0 0 0 0 0 1 1 1 0 1
837 1 0 0 0 0 1 0 1 1 1 1 0 0 0 0 0 0 0 0 0 1 0 1 1 1 1 1 1 1 1 1 1 1 1 1 0 1 1 1 0 1 1 1
838 1 1 1 1 1 1 1 1 1 1 0 1 1 0 1 1 1 1 0 1 0 0 1 0 0 0 0 0 0 1 0 0 0 0 0 1 0 0 1 1 0 0 1
839 0 1 0 0 1 0 0 0 1 1 1 1 0 0 1 0 0 1 1 0 0 0 1 0 0 1 1 0 0 1 0 0 0 0 0 0 0 0 0 0 0 0 1
840 0 1 0 0 1 0 0 0 0 1 1 1 0 0 0 0 0 1 0 0 0 1 0 0 1 1 0 0 1 1 1 1 1 1 0 1 1 0 1 1 1 1 1
841 1 1 0 0 1 0 0 0 1 1 1 1 1 1 1 1 0 1 1 0 1 0 1 0 1 1 1 0 0 1 1 1 1 0 0 0 0 0 0 0 0 0 1
842 99 99 99 99 99 99 99 99 99 99 99 99 1 0 0 0 0 1 1 0 0 1 1 1 0 0 1 0 1 0 1 1 1 1 0 1 1 1 1 0 1 0 1
843 1 1 0 1 1 0 0 0 0 0 0 0 1 1 1 0 0 1 1 0 0 0 1 0 0 1 1 1 0 1 1 1 0 1 0 1 1 1 0 0 1 1 1
844 0 1 0 0 0 1 0 1 1 0 0 0 0 0 0 1 0 1 0 0 1 0 1 0 0 1 0 0 1 1 1 1 1 1 0 1 1 0 1 0 1 0 1
845 1 1 0 1 0 0 0 0 1 1 1 1 0 0 1 1 0 1 1 0 0 0 1 0 1 1 1 0 0 1 1 1 1 1 0 1 1 0 1 0 1 0 1
846 0 1 0 0 1 1 0 1 1 1 1 1 1 0 1 0 0 0 0 1 0 99 99 99 99 99 99 99 99 99 99 99 99 99 99 99 99 99 99 99 99 99 1
847 0 1 0 0 1 0 0 0 0 1 1 1 1 0 1 1 0 1 1 0 0 0 1 0 1 1 1 0 1 1 1 1 1 1 1 1 1 1 1 1 1 0 1
848 0 1 1 1 1 1 0 0 1 0 1 1 1 0 1 1 0 1 1 0 0 0 1 0 0 0 1 0 0 0 1 1 1 0 0 1 1 0 1 0 0 1 2
849 0 0 0 0 0 0 0 0 0 1 1 1 1 0 0 0 0 0 0 0 0 1 1 0 1 1 0 0 0 1 1 1 1 1 1 1 1 1 1 0 1 1 2
850 0 1 1 0 1 1 0 0 1 1 1 1 0 1 1 1 0 1 0 0 0 99 99 99 99 99 99 99 99 99 99 99 99 99 99 99 99 99 99 99 99 99 2
851 1 1 1 1 1 1 1 1 1 1 1 1 1 1 1 1 0 1 1 1 1 0 1 1 0 1 1 0 0 1 1 1 1 1 1 1 1 1 1 1 0 1 2
852 0 1 0 1 0 1 0 0 1 1 1 1 1 0 1 1 1 1 0 0 0 0 1 1 0 0 0 0 0 0 1 1 0 1 0 0 0 0 0 0 0 0 2
853 0 1 1 0 0 0 0 0 0 1 1 0 0 0 0 0 0 0 0 0 0 0 0 1 0 1 0 0 0 1 1 1 1 1 0 1 1 0 1 0 0 0 2
854 0 1 1 0 1 1 0 0 0 0 0 1 1 1 0 0 0 1 0 0 0 0 1 1 1 0 1 0 1 1 1 1 1 1 1 1 1 1 1 1 0 1 2
855 1 1 0 1 1 1 1 1 0 1 1 1 1 1 1 1 1 1 0 0 1 0 1 1 1 0 1 1 1 1 1 1 1 1 1 1 1 0 1 1 1 1 2
856 1 1 0 0 1 1 1 0 1 1 1 1 1 0 1 1 0 1 1 0 0 0 1 0 0 1 1 1 1 0 1 1 1 0 1 1 1 1 1 1 0 1 2
857 0 1 1 0 1 1 1 0 1 1 1 1 0 1 1 1 0 1 1 1 0 1 1 0 1 1 1 1 1 1 1 1 1 1 1 0 1 0 1 0 1 0 2
858 1 1 0 0 1 0 0 1 1 1 1 1 1 1 0 1 0 1 0 0 0 0 1 0 0 0 0 0 0 1 1 1 1 1 0 0 1 0 0 0 1 0 2
859 0 0 0 0 0 1 0 0 1 1 1 1 1 0 0 1 0 0 0 0 0 1 1 1 0 0 0 0 1 1 1 1 1 0 0 0 1 0 1 1 0 0 2
860 0 1 1 0 1 1 0 0 1 0 0 1 0 0 1 1 0 1 0 0 0 1 1 1 1 1 1 0 1 1 1 1 1 1 1 0 1 1 1 0 0 1 2
861 0 1 1 0 1 1 0 1 1 1 1 1 1 1 0 1 1 1 1 0 1 1 1 0 0 1 1 1 1 1 1 1 1 1 1 0 1 1 1 1 0 1 2
862 0 1 1 1 1 0 0 1 1 1 1 1 1 1 0 0 0 1 1 0 1 1 1 0 1 1 1 1 0 1 1 1 1 0 1 1 1 0 1 1 0 1 2
863 1 1 1 0 1 0 0 1 0 1 1 1 0 0 1 1 0 1 0 0 0 0 1 0 1 0 1 0 0 1 1 1 1 1 0 0 1 0 0 0 0 0 2
864 0 1 0 0 0 0 0 0 1 1 1 1 0 0 1 1 0 0 0 0 0 0 1 0 1 1 1 1 1 1 1 1 1 1 1 1 1 0 1 1 0 0 2
865 1 1 0 0 1 1 0 0 1 1 1 0 1 0 1 0 0 1 1 0 0 0 1 0 1 0 1 0 0 1 1 1 1 1 0 1 0 0 0 0 1 0 2
866 1 1 0 0 0 0 0 1 0 0 0 0 1 0 1 1 0 0 0 0 0 1 1 0 1 1 1 1 1 1 1 1 1 99 99 99 99 99 99 99 99 99 2
867 1 1 0 1 1 1 1 1 0 1 1 1 1 1 0 1 0 1 1 0 0 1 1 0 1 1 1 1 0 1 1 1 1 1 1 1 1 1 1 1 0 1 2
868 1 1 0 0 0 1 1 0 1 1 1 1 1 1 1 1 0 1 1 0 0 1 1 1 0 1 1 0 1 1 0 1 1 1 1 0 1 0 1 0 1 0 2
869 1 1 1 0 0 1 1 0 0 0 0 0 0 0 1 1 0 1 0 1 0 0 1 0 0 1 1 0 1 1 1 0 1 99 99 99 99 99 99 99 99 99 2
870 0 1 0 0 0 1 1 1 0 1 1 0 0 0 1 1 0 1 0 0 1 0 1 1 0 1 1 0 1 1 1 1 1 99 99 99 99 99 99 99 99 99 2
871 0 1 0 0 0 0 0 1 1 1 1 1 0 0 1 1 0 1 0 1 0 1 1 0 1 1 1 0 1 1 1 1 1 1 1 1 1 0 1 0 1 1 2
872 1 1 1 0 1 0 0 1 1 1 1 1 1 1 1 1 0 0 0 0 0 0 1 1 0 1 1 0 1 1 1 1 1 1 1 0 1 0 0 0 0 0 2
873 0 1 0 1 0 1 0 0 1 0 0 0 1 0 1 1 0 0 0 0 0 0 1 0 0 1 0 0 0 1 1 1 1 1 0 0 1 0 1 1 0 0 2
874 0 1 1 0 0 1 0 1 1 1 1 0 1 0 1 1 0 0 0 0 1 0 1 0 0 1 1 0 0 0 1 1 1 1 1 0 0 1 1 0 0 0 2
875 0 1 0 0 0 1 0 0 0 0 0 1 1 0 0 1 0 1 0 1 1 0 1 1 1 1 1 0 0 1 0 1 1 1 1 1 1 0 1 1 0 1 2
876 0 1 0 0 0 1 0 1 0 1 1 1 1 0 0 1 0 0 0 0 0 1 1 0 1 0 1 0 0 1 0 1 1 1 0 0 1 1 0 0 1 0 2
877 1 1 0 0 1 1 1 0 0 1 1 1 1 0 1 1 0 0 0 0 1 0 1 0 0 1 1 1 0 1 1 1 1 1 0 0 1 0 1 1 0 0 2
878 0 0 0 1 0 1 0 1 0 0 0 0 1 0 0 1 0 0 0 0 1 0 1 0 0 0 1 0 1 1 0 0 0 1 1 0 0 0 0 0 0 0 2
879 0 1 0 0 0 1 0 0 1 0 1 1 1 0 1 1 0 1 0 0 0 0 0 0 0 0 0 0 0 0 0 0 0 0 0 0 0 0 0 0 0 0 2
